Voltage U1	Corriente IA
U1/V	IA/nA

0,02	0,19
0,04	0,18
0,07	0,14
0,09	0,15
0,12	0,13
0,14	0,17
0,17	0,16
0,19	0,18
0,21	0,18
0,24	0,22
0,26	0,18
0,29	0,22
0,31	0,19
0,34	0,22
0,36	0,20
0,39	0,22
0,41	0,19
0,43	0,24
0,46	0,18
0,48	0,25
0,51	0,20
0,53	0,23
0,56	0,22
0,58	0,27
0,61	0,24
0,63	0,30
0,65	0,23
0,68	0,29
0,70	0,25
0,73	0,28
0,75	0,23
0,78	0,25
0,80	0,21
0,83	0,27
0,85	0,22
0,87	0,25
0,90	0,20
0,92	0,22
0,95	0,19
0,97	0,23
1,00	0,19
1,02	0,22
1,05	0,19
1,07	0,22
1,09	0,23
1,12	0,24
1,14	0,23
1,17	0,23
1,19	0,20
1,22	0,21
1,24	0,20
1,26	0,20
1,29	0,22
1,31	0,21
1,34	0,21
1,36	0,21
1,39	0,23
1,41	0,25
1,44	0,27
1,46	0,22
1,48	0,23
1,51	0,23
1,53	0,25
1,56	0,24
1,58	0,25
1,61	0,21
1,63	0,23
1,66	0,23
1,68	0,27
1,70	0,24
1,73	0,25
1,75	0,24
1,78	0,27
1,80	0,24
1,83	0,24
1,85	0,21
1,88	0,23
1,90	0,22
1,92	0,22
1,95	0,21
1,97	0,23
2,00	0,22
2,02	0,25
2,05	0,23
2,07	0,25
2,10	0,22
2,12	0,24
2,14	0,25
2,17	0,29
2,19	0,23
2,22	0,25
2,24	0,20
2,27	0,27
2,29	0,23
2,31	0,25
2,34	0,20
2,36	0,24
2,39	0,20
2,41	0,26
2,44	0,19
2,46	0,22
2,49	0,19
2,51	0,26
2,53	0,23
2,56	0,26
2,58	0,20
2,61	0,22
2,63	0,20
2,66	0,22
2,68	0,19
2,71	0,21
2,73	0,18
2,75	0,24
2,78	0,24
2,80	0,26
2,83	0,23
2,85	0,23
2,88	0,23
2,90	0,24
2,93	0,22
2,95	0,22
2,97	0,19
3,00	0,18
3,02	0,17
3,05	0,17
3,07	0,19
3,10	0,18
3,12	0,19
3,15	0,19
3,17	0,21
3,19	0,21
3,22	0,26
3,24	0,25
3,27	0,27
3,29	0,26
3,32	0,27
3,34	0,27
3,36	0,28
3,39	0,22
3,41	0,23
3,44	0,19
3,46	0,21
3,49	0,20
3,51	0,22
3,54	0,22
3,56	0,25
3,58	0,24
3,61	0,30
3,63	0,28
3,66	0,30
3,68	0,25
3,71	0,26
3,73	0,22
3,76	0,25
3,78	0,19
3,80	0,21
3,83	0,19
3,85	0,26
3,88	0,22
3,90	0,25
3,93	0,19
3,95	0,28
3,98	0,24
4,00	0,28
4,02	0,21
4,05	0,26
4,07	0,23
4,10	0,28
4,12	0,19
4,15	0,23
4,17	0,18
4,20	0,24
4,22	0,21
4,24	0,24
4,27	0,19
4,29	0,22
4,32	0,20
4,34	0,27
4,37	0,23
4,39	0,24
4,42	0,21
4,44	0,22
4,46	0,22
4,49	0,24
4,51	0,20
4,54	0,20
4,56	0,18
4,59	0,19
4,61	0,22
4,63	0,21
4,66	0,21
4,68	0,23
4,71	0,23
4,73	0,25
4,76	0,27
4,78	0,26
4,81	0,28
4,83	0,26
4,85	0,25
4,88	0,24
4,90	0,26
4,93	0,25
4,95	0,25
4,98	0,23
5,00	0,25
5,03	0,25
5,05	0,23
5,07	0,24
5,10	0,27
5,12	0,25
5,15	0,27
5,17	0,23
5,20	0,24
5,22	0,24
5,25	0,23
5,27	0,20
5,29	0,23
5,32	0,19
5,34	0,24
5,37	0,21
5,39	0,25
5,42	0,25
5,44	0,26
5,47	0,20
5,49	0,26
5,51	0,24
5,54	0,30
5,56	0,25
5,59	0,25
5,61	0,24
5,64	0,31
5,66	0,26
5,68	0,31
5,71	0,25
5,73	0,31
5,76	0,28
5,78	0,31
5,81	0,27
5,83	0,30
5,86	0,26
5,88	0,32
5,90	0,26
5,93	0,29
5,95	0,26
5,98	0,28
6,00	0,26
6,03	0,29
6,05	0,26
6,08	0,31
6,10	0,27
6,12	0,28
6,15	0,29
6,17	0,32
6,20	0,30
6,22	0,30
6,25	0,29
6,27	0,32
6,30	0,34
6,32	0,33
6,34	0,34
6,37	0,32
6,39	0,32
6,42	0,33
6,44	0,34
6,47	0,34
6,49	0,37
6,52	0,35
6,54	0,40
6,56	0,39
6,59	0,41
6,61	0,40
6,64	0,39
6,66	0,37
6,69	0,38
6,71	0,34
6,73	0,39
6,76	0,36
6,78	0,38
6,81	0,39
6,83	0,41
6,86	0,38
6,88	0,44
6,91	0,41
6,93	0,45
6,95	0,42
6,98	0,43
7,00	0,41
7,03	0,44
7,05	0,41
7,08	0,45
7,10	0,40
7,13	0,44
7,15	0,42
7,17	0,48
7,20	0,46
7,22	0,51
7,25	0,46
7,27	0,53
7,30	0,51
7,32	0,56
7,35	0,53
7,37	0,55
7,39	0,49
7,42	0,56
7,44	0,50
7,47	0,56
7,49	0,50
7,52	0,53
7,54	0,52
7,57	0,58
7,59	0,53
7,61	0,57
7,64	0,51
7,66	0,55
7,69	0,54
7,71	0,59
7,74	0,56
7,76	0,57
7,78	0,55
7,81	0,59
7,83	0,59
7,86	0,61
7,88	0,61
7,91	0,62
7,93	0,62
7,96	0,63
7,98	0,63
8,00	0,66
8,03	0,66
8,05	0,63
8,08	0,63
8,10	0,61
8,13	0,63
8,15	0,62
8,18	0,63
8,20	0,62
8,22	0,63
8,25	0,60
8,27	0,66
8,30	0,64
8,32	0,68
8,35	0,62
8,37	0,64
8,40	0,65
8,42	0,72
8,44	0,69
8,47	0,72
8,49	0,69
8,52	0,73
8,54	0,72
8,57	0,73
8,59	0,70
8,62	0,74
8,64	0,70
8,66	0,73
8,69	0,71
8,71	0,74
8,74	0,73
8,76	0,78
8,79	0,73
8,81	0,79
8,84	0,73
8,86	0,78
8,88	0,75
8,91	0,78
8,93	0,72
8,96	0,74
8,98	0,69
9,01	0,78
9,03	0,73
9,05	0,77
9,08	0,73
9,10	0,78
9,13	0,76
9,15	0,81
9,18	0,75
9,20	0,78
9,23	0,75
9,25	0,80
9,27	0,78
9,30	0,79
9,32	0,75
9,35	0,79
9,37	0,78
9,40	0,83
9,42	0,80
9,45	0,80
9,47	0,81
9,49	0,82
9,52	0,80
9,54	0,82
9,57	0,81
9,59	0,80
9,62	0,81
9,64	0,81
9,67	0,85
9,69	0,84
9,71	0,84
9,74	0,83
9,76	0,83
9,79	0,82
9,81	0,85
9,84	0,83
9,86	0,88
9,89	0,85
9,91	0,86
9,93	0,88
9,96	0,90
9,98	0,87
10,01	0,90
10,03	0,83
10,06	0,86
10,08	0,87
10,10	0,87
10,13	0,87
10,15	0,87
10,18	0,86
10,20	0,93
10,23	0,91
10,25	0,91
10,28	0,89
10,30	0,91
10,32	0,90
10,35	0,92
10,37	0,89
10,40	0,92
10,42	0,90
10,45	0,96
10,47	0,93
10,50	0,98
10,52	0,93
10,54	0,99
10,57	0,97
10,59	1,01
10,62	0,96
10,64	0,99
10,67	0,95
10,69	1,01
10,72	0,97
10,74	1,02
10,76	0,97
10,79	1,03
10,81	1,02
10,84	1,07
10,86	1,05
10,89	1,08
10,91	1,04
10,94	1,11
10,96	1,06
10,98	1,08
11,01	1,05
11,03	1,08
11,06	1,07
11,08	1,11
11,11	1,10
11,13	1,13
11,15	1,10
11,18	1,11
11,20	1,14
11,23	1,16
11,25	1,15
11,28	1,17
11,30	1,17
11,33	1,21
11,35	1,24
11,37	1,23
11,40	1,26
11,42	1,25
11,45	1,26
11,47	1,29
11,50	1,32
11,52	1,32
11,55	1,34
11,57	1,33
11,59	1,38
11,62	1,36
11,64	1,39
11,67	1,40
11,69	1,44
11,72	1,42
11,74	1,45
11,77	1,44
11,79	1,49
11,81	1,46
11,84	1,48
11,86	1,44
11,89	1,49
11,91	1,48
11,94	1,54
11,96	1,55
11,99	1,59
12,01	1,59
12,03	1,66
12,06	1,66
12,08	1,71
12,11	1,66
12,13	1,70
12,16	1,68
12,18	1,71
12,21	1,67
12,23	1,74
12,25	1,72
12,28	1,79
12,30	1,75
12,33	1,81
12,35	1,79
12,38	1,86
12,40	1,82
12,42	1,86
12,45	1,80
12,47	1,86
12,50	1,83
12,52	1,88
12,55	1,81
12,57	1,85
12,60	1,83
12,62	1,87
12,64	1,84
12,67	1,88
12,69	1,84
12,72	1,89
12,74	1,88
12,77	1,91
12,79	1,91
12,82	1,93
12,84	1,91
12,86	1,93
12,89	1,95
12,91	1,96
12,94	1,97
12,96	1,97
12,99	1,95
13,01	1,95
13,04	1,97
13,06	1,97
13,08	1,98
13,11	1,94
13,13	1,96
13,16	1,94
13,18	1,98
13,21	1,95
13,23	1,94
13,26	1,92
13,28	1,94
13,30	1,89
13,33	1,91
13,35	1,88
13,38	1,90
13,40	1,88
13,43	1,90
13,45	1,87
13,47	1,91
13,50	1,89
13,52	1,91
13,55	1,89
13,57	1,92
13,60	1,88
13,62	1,91
13,65	1,88
13,67	1,92
13,69	1,88
13,72	1,89
13,74	1,85
13,77	1,90
13,79	1,87
13,82	1,91
13,84	1,86
13,87	1,88
13,89	1,82
13,91	1,86
13,94	1,83
13,96	1,86
13,99	1,80
14,01	1,81
14,04	1,78
14,06	1,85
14,09	1,80
14,11	1,83
14,13	1,78
14,16	1,83
14,18	1,80
14,21	1,84
14,23	1,78
14,26	1,79
14,28	1,75
14,31	1,78
14,33	1,75
14,35	1,77
14,38	1,72
14,40	1,75
14,43	1,75
14,45	1,78
14,48	1,76
14,50	1,76
14,52	1,76
14,55	1,79
14,57	1,77
14,60	1,78
14,62	1,76
14,65	1,76
14,67	1,75
14,70	1,75
14,72	1,75
14,74	1,75
14,77	1,75
14,79	1,74
14,82	1,75
14,84	1,74
14,87	1,79
14,89	1,80
14,92	1,84
14,94	1,82
14,96	1,85
14,99	1,85
15,01	1,88
15,04	1,81
15,06	1,84
15,09	1,84
15,11	1,86
15,14	1,87
15,16	1,90
15,18	1,91
15,21	1,98
15,23	1,99
15,26	2,03
15,28	2,03
15,31	2,06
15,33	2,06
15,36	2,07
15,38	2,06
15,40	2,09
15,43	2,06
15,45	2,10
15,48	2,10
15,50	2,14
15,53	2,14
15,55	2,18
15,57	2,15
15,60	2,24
15,62	2,24
15,65	2,30
15,67	2,27
15,70	2,35
15,72	2,34
15,75	2,42
15,77	2,39
15,79	2,45
15,82	2,43
15,84	2,52
15,87	2,54
15,89	2,60
15,92	2,58
15,94	2,64
15,97	2,63
15,99	2,73
16,01	2,72
16,04	2,74
16,06	2,75
16,09	2,79
16,11	2,80
16,14	2,87
16,16	2,84
16,19	2,88
16,21	2,90
16,23	2,95
16,26	3,01
16,28	3,07
16,31	3,10
16,33	3,17
16,36	3,19
16,38	3,24
16,41	3,29
16,43	3,32
16,45	3,36
16,48	3,40
16,50	3,41
16,53	3,46
16,55	3,53
16,58	3,56
16,60	3,64
16,63	3,66
16,65	3,72
16,67	3,76
16,70	3,82
16,72	3,85
16,75	3,93
16,77	3,90
16,80	3,97
16,82	3,93
16,84	3,99
16,87	4,00
16,89	4,03
16,92	4,03
16,94	4,12
16,97	4,11
16,99	4,20
17,02	4,19
17,04	4,26
17,06	4,29
17,09	4,31
17,11	4,27
17,14	4,35
17,16	4,33
17,19	4,40
17,21	4,35
17,24	4,38
17,26	4,37
17,28	4,45
17,31	4,41
17,33	4,50
17,36	4,46
17,38	4,53
17,41	4,50
17,43	4,56
17,46	4,51
17,48	4,55
17,50	4,49
17,53	4,54
17,55	4,47
17,58	4,51
17,60	4,44
17,63	4,46
17,65	4,42
17,68	4,44
17,70	4,39
17,72	4,40
17,75	4,34
17,77	4,36
17,80	4,34
17,82	4,36
17,85	4,32
17,87	4,31
17,89	4,27
17,92	4,26
17,94	4,25
17,97	4,20
17,99	4,17
18,02	4,13
18,04	4,09
18,07	4,06
18,09	4,01
18,11	3,98
18,14	3,97
18,16	3,92
18,19	3,91
18,21	3,89
18,24	3,89
18,26	3,87
18,29	3,84
18,31	3,78
18,33	3,77
18,36	3,70
18,38	3,68
18,41	3,63
18,43	3,60
18,46	3,58
18,48	3,58
18,51	3,52
18,53	3,55
18,55	3,51
18,58	3,51
18,60	3,48
18,63	3,46
18,65	3,39
18,68	3,38
18,70	3,30
18,73	3,31
18,75	3,23
18,77	3,21
18,80	3,16
18,82	3,19
18,85	3,16
18,87	3,19
18,90	3,11
18,92	3,15
18,94	3,08
18,97	3,11
18,99	3,05
19,02	3,04
19,04	2,96
19,07	2,99
19,09	2,92
19,12	2,97
19,14	2,91
19,16	2,95
19,19	2,91
19,21	2,96
19,24	2,92
19,26	2,96
19,29	2,91
19,31	2,92
19,34	2,87
19,36	2,92
19,38	2,88
19,41	2,90
19,43	2,84
19,46	2,89
19,48	2,87
19,51	2,92
19,53	2,90
19,56	2,91
19,58	2,91
19,60	2,95
19,63	2,95
19,65	3,02
19,68	3,01
19,70	3,02
19,73	3,04
19,75	3,04
19,78	3,08
19,80	3,10
19,82	3,10
19,85	3,10
19,87	3,12
19,90	3,12
19,92	3,19
19,95	3,19
19,97	3,23
19,99	3,26
20,02	3,31
20,04	3,32
20,07	3,39
20,09	3,40
20,12	3,48
20,14	3,48
20,17	3,52
20,19	3,53
20,21	3,58
20,24	3,60
20,26	3,66
20,29	3,65
20,31	3,73
20,34	3,75
20,36	3,83
20,39	3,92
20,41	3,98
20,43	4,01
20,46	4,09
20,48	4,09
20,51	4,17
20,53	4,22
20,56	4,27
20,58	4,29
20,61	4,35
20,63	4,38
20,65	4,52
20,68	4,55
20,70	4,62
20,73	4,65
20,75	4,76
20,78	4,80
20,80	4,92
20,83	4,93
20,85	5,03
20,87	5,07
20,90	5,18
20,92	5,21
20,95	5,30
20,97	5,31
21,00	5,41
21,02	5,44
21,05	5,56
21,07	5,60
21,09	5,70
21,12	5,79
21,14	5,89
21,17	5,97
21,19	6,08
21,22	6,12
21,24	6,19
21,26	6,24
21,29	6,30
21,31	6,38
21,34	6,45
21,36	6,52
21,39	6,62
21,41	6,71
21,44	6,81
21,46	6,94
21,48	7,02
21,51	7,13
21,53	7,19
21,56	7,28
21,58	7,35
21,61	7,45
21,63	7,48
21,66	7,58
21,68	7,61
21,70	7,71
21,73	7,76
21,75	7,87
21,78	7,91
21,80	8,00
21,83	7,99
21,85	8,12
21,88	8,12
21,90	8,17
21,92	8,19
21,95	8,22
21,97	8,21
22,00	8,30
22,02	8,25
22,05	8,32
22,07	8,33
22,10	8,36
22,12	8,38
22,14	8,44
22,17	8,42
22,19	8,47
22,22	8,43
22,24	8,46
22,27	8,41
22,29	8,39
22,31	8,32
22,34	8,34
22,36	8,28
22,39	8,32
22,41	8,21
22,44	8,21
22,46	8,16
22,49	8,17
22,51	8,08
22,53	8,05
22,56	7,93
22,58	7,96
22,61	7,87
22,63	7,84
22,66	7,73
22,68	7,70
22,71	7,62
22,73	7,61
22,75	7,48
22,78	7,43
22,80	7,30
22,83	7,24
22,85	7,15
22,88	7,10
22,90	6,98
22,93	6,91
22,95	6,81
22,97	6,77
23,00	6,72
23,02	6,64
23,05	6,56
23,07	6,48
23,10	6,39
23,12	6,33
23,15	6,22
23,17	6,11
23,19	6,03
23,22	5,92
23,24	5,85
23,27	5,77
23,29	5,70
23,32	5,65
23,34	5,59
23,36	5,52
23,39	5,46
23,41	5,40
23,44	5,37
23,46	5,29
23,49	5,25
23,51	5,17
23,54	5,10
23,56	5,04
23,58	5,00
23,61	4,91
23,63	4,89
23,66	4,80
23,68	4,77
23,71	4,72
23,73	4,69
23,76	4,65
23,78	4,64
23,80	4,57
23,83	4,57
23,85	4,53
23,88	4,53
23,90	4,50
23,93	4,51
23,95	4,45
23,98	4,45
24,00	4,40
24,02	4,42
24,05	4,39
24,07	4,40
24,10	4,33
24,12	4,38
24,15	4,35
24,17	4,42
24,20	4,37
24,22	4,41
24,24	4,38
24,27	4,43
24,29	4,40
24,32	4,46
24,34	4,42
24,37	4,48
24,39	4,46
24,42	4,54
24,44	4,56
24,46	4,60
24,49	4,58
24,51	4,63
24,54	4,64
24,56	4,70
24,59	4,71
24,61	4,72
24,63	4,75
24,66	4,82
24,68	4,88
24,71	4,95
24,73	4,99
24,76	5,02
24,78	5,10
24,81	5,15
24,83	5,21
24,85	5,26
24,88	5,32
24,90	5,36
24,93	5,45
24,95	5,51
24,98	5,61
25,00	5,66
25,03	5,74
25,05	5,79
25,07	5,87
25,10	5,91
25,12	6,02
25,15	6,06
25,17	6,17
25,20	6,22
25,22	6,32
25,25	6,40
25,27	6,55
25,29	6,61
25,32	6,75
25,34	6,80
25,37	6,94
25,39	7,02
25,42	7,12
25,44	7,17
25,47	7,29
25,49	7,32
25,51	7,45
25,54	7,50
25,56	7,61
25,59	7,70
25,61	7,84
25,64	7,91
25,66	8,07
25,68	8,16
25,71	8,31
25,73	8,39
25,76	8,55
25,78	8,62
25,81	8,76
25,83	8,83
25,86	8,99
25,88	9,04
25,90	9,21
25,93	9,29
25,95	9,45
25,98	9,56
26,00	9,72
26,03	9,79
26,05	9,97
26,08	10,08
26,10	10,23
26,12	10,30
26,15	10,42
26,17	10,51
26,20	10,65
26,22	10,73
26,25	10,87
26,27	10,97
26,30	11,10
26,32	11,23
26,34	11,36
26,37	11,51
26,39	11,65
26,42	11,77
26,44	11,87
26,47	11,98
26,49	12,07
26,52	12,21
26,54	12,31
26,56	12,41
26,59	12,48
26,61	12,59
26,64	12,67
26,66	12,81
26,69	12,88
26,71	12,98
26,73	13,02
26,76	13,10
26,78	13,16
26,81	13,24
26,83	13,26
26,86	13,30
26,88	13,29
26,91	13,39
26,93	13,39
26,95	13,41
26,98	13,43
27,00	13,45
27,03	13,42
27,05	13,46
27,08	13,41
27,10	13,42
27,13	13,38
27,15	13,35
27,17	13,30
27,20	13,28
27,22	13,18
27,25	13,18
27,27	13,10
27,30	13,08
27,32	12,97
27,35	12,91
27,37	12,81
27,39	12,78
27,42	12,62
27,44	12,58
27,47	12,42
27,49	12,35
27,52	12,24
27,54	12,20
27,57	12,02
27,59	11,95
27,61	11,77
27,64	11,73
27,66	11,58
27,69	11,45
27,71	11,24
27,74	11,12
27,76	10,94
27,78	10,84
27,81	10,64
27,83	10,52
27,86	10,34
27,88	10,24
27,91	10,11
27,93	10,00
27,96	9,82
27,98	9,70
28,00	9,55
28,03	9,43
28,05	9,29
28,08	9,15
28,10	9,01
28,13	8,86
28,15	8,69
28,18	8,57
28,20	8,43
28,22	8,31
28,25	8,23
28,27	8,11
28,30	8,01
28,32	7,91
28,35	7,82
28,37	7,74
28,40	7,66
28,42	7,53
28,44	7,45
28,47	7,35
28,49	7,29
28,52	7,19
28,54	7,13
28,57	7,04
28,59	6,99
28,62	6,93
28,64	6,91
28,66	6,82
28,69	6,79
28,71	6,74
28,74	6,70
28,76	6,63
28,79	6,61
28,81	6,56
28,84	6,57
28,86	6,53
28,88	6,51
28,91	6,46
28,93	6,50
28,96	6,46
28,98	6,50
29,01	6,46
29,03	6,49
29,05	6,46
29,08	6,52
29,10	6,52
29,13	6,58
29,15	6,53
29,18	6,60
29,20	6,58
29,23	6,68
29,25	6,66
29,27	6,70
29,30	6,69
29,32	6,79
29,35	6,79
29,37	6,88
29,40	6,87
29,42	6,95
29,45	7,01
29,47	7,11
29,49	7,15
29,52	7,24
29,54	7,28
29,57	7,39
29,59	7,46
29,62	7,54
29,64	7,59
29,67	7,65
29,69	7,71
29,71	7,84
29,74	7,93
29,76	8,02
29,79	8,13
29,81	8,21
29,84	8,34
29,86	8,47
29,89	8,59
29,91	8,69
29,93	8,82
29,96	8,88
29,98	9,01
30,01	9,09
30,03	9,23
30,06	9,30
30,08	9,42
30,10	9,51
30,13	9,68
30,15	9,80
30,18	10,00
30,20	10,09
30,23	10,28
30,25	10,41
30,28	10,58
30,30	10,70
30,32	10,87
30,35	10,93
30,37	11,10
30,40	11,18
30,42	11,34
30,45	11,45
30,47	11,63
30,50	11,75
30,52	11,97
30,54	12,11
30,57	12,34
30,59	12,48
30,62	12,68
30,64	12,80
30,67	12,98
30,69	13,06
30,72	13,26
30,74	13,36
30,76	13,57
30,79	13,69
30,81	13,89
30,84	14,06
30,86	14,29
30,89	14,43
30,91	14,69
30,94	14,81
30,96	15,02
30,98	15,17
31,01	15,36
31,03	15,49
31,06	15,67
31,08	15,76
31,11	15,96
31,13	16,08
31,15	16,28
31,18	16,48
31,20	16,68
31,23	16,84
31,25	17,04
31,28	17,20
31,30	17,43
31,33	17,58
31,35	17,70
31,37	17,84
31,40	17,98
31,42	18,13
31,45	18,28
31,47	18,42
31,50	18,53
31,52	18,67
31,55	18,79
31,57	18,96
31,59	19,07
31,62	19,19
31,64	19,29
31,67	19,40
31,69	19,50
31,72	19,60
31,74	19,65
31,77	19,72
31,79	19,73
31,81	19,76
31,84	19,79
31,86	19,80
31,89	19,79
31,91	19,83
31,94	19,80
31,96	19,83
31,99	19,79
32,01	19,74
32,03	19,73
32,06	19,70
32,08	19,62
32,11	19,59
32,13	19,48
32,16	19,44
32,18	19,36
32,20	19,27
32,23	19,16
32,25	19,05
32,28	18,88
32,30	18,84
32,33	18,68
32,35	18,61
32,38	18,45
32,40	18,34
32,42	18,18
32,45	18,12
32,47	17,91
32,50	17,81
32,52	17,57
32,55	17,44
32,57	17,23
32,60	17,10
32,62	16,84
32,64	16,69
32,67	16,42
32,69	16,28
32,72	16,04
32,74	15,88
32,77	15,66
32,79	15,50
32,82	15,27
32,84	15,13
32,86	14,89
32,89	14,72
32,91	14,47
32,94	14,27
32,96	14,06
32,99	13,88
33,01	13,64
33,04	13,45
33,06	13,22
33,08	13,04
33,11	12,90
33,13	12,74
33,16	12,55
33,18	12,38
33,21	12,22
33,23	12,08
33,26	11,95
33,28	11,76
33,30	11,62
33,33	11,46
33,35	11,33
33,38	11,20
33,40	11,08
33,43	10,93
33,45	10,84
33,47	10,72
33,50	10,66
33,52	10,55
33,55	10,46
33,57	10,38
33,60	10,31
33,62	10,21
33,65	10,15
33,67	10,06
33,69	10,03
33,72	9,95
33,74	9,92
33,77	9,89
33,79	9,86
33,82	9,81
33,84	9,81
33,87	9,74
33,89	9,76
33,91	9,72
33,94	9,72
33,96	9,70
33,99	9,74
34,01	9,72
34,04	9,80
34,06	9,77
34,09	9,83
34,11	9,84
34,13	9,92
34,16	9,95
34,18	10,01
34,21	10,00
34,23	10,13
34,26	10,15
34,28	10,25
34,31	10,27
34,33	10,33
34,35	10,36
34,38	10,49
34,40	10,53
34,43	10,65
34,45	10,70
34,48	10,82
34,50	10,91
34,52	11,03
34,55	11,10
34,57	11,22
34,60	11,28
34,62	11,42
34,65	11,53
34,67	11,69
34,70	11,81
34,72	11,96
34,74	12,07
34,77	12,26
34,79	12,41
34,82	12,56
34,84	12,70
34,87	12,82
34,89	12,96
34,92	13,10
34,94	13,26
34,96	13,44
34,99	13,61
35,01	13,74
35,04	13,94
35,06	14,09
35,09	14,31
35,11	14,45
35,14	14,63
35,16	14,77
35,18	14,96
35,21	15,10
35,23	15,32
35,26	15,44
35,28	15,63
35,31	15,79
35,33	16,00
35,36	16,19
35,38	16,43
35,40	16,58
35,43	16,83
35,45	17,04
35,48	17,26
35,50	17,46
35,53	17,67
35,55	17,81
35,57	18,03
35,60	18,19
35,62	18,39
35,65	18,53
35,67	18,74
35,70	18,96
35,72	19,23
35,75	19,43
35,77	19,67
35,79	19,85
35,82	20,13
35,84	20,34
35,87	20,58
35,89	20,74
35,92	20,96
35,94	21,14
35,97	21,40
35,99	21,58
36,01	21,82
36,04	21,99
36,06	22,28
36,09	22,51
36,11	22,77
36,14	22,97
36,16	23,20
36,19	23,39
36,21	23,64
36,23	23,79
36,26	23,96
36,28	24,10
36,31	24,30
36,33	24,46
36,36	24,65
36,38	24,79
36,41	24,97
36,43	25,16
36,45	25,35
36,48	25,53
36,50	25,68
36,53	25,82
36,55	25,94
36,58	26,07
36,60	26,18
36,62	26,30
36,65	26,37
36,67	26,46
36,70	26,53
36,72	26,61
36,75	26,65
36,77	26,74
36,80	26,77
36,82	26,81
36,84	26,82
36,87	26,87
36,89	26,85
36,92	26,88
36,94	26,84
36,97	26,82
36,99	26,77
37,02	26,75
37,04	26,69
37,06	26,68
37,09	26,60
37,11	26,53
37,14	26,42
37,16	26,38
37,19	26,23
37,21	26,13
37,24	25,94
37,26	25,82
37,28	25,68
37,31	25,58
37,33	25,37
37,36	25,27
37,38	25,05
37,41	24,97
37,43	24,75
37,46	24,56
37,48	24,31
37,50	24,17
37,53	23,91
37,55	23,77
37,58	23,47
37,60	23,28
37,63	23,04
37,65	22,90
37,68	22,63
37,70	22,47
37,72	22,15
37,75	22,01
37,77	21,75
37,80	21,54
37,82	21,22
37,85	21,00
37,87	20,69
37,89	20,53
37,92	20,21
37,94	19,96
37,97	19,66
37,99	19,47
38,02	19,22
38,04	19,04
38,07	18,76
38,09	18,57
38,11	18,31
38,14	18,11
38,16	17,87
38,19	17,64
38,21	17,37
38,24	17,14
38,26	16,90
38,29	16,72
38,31	16,55
38,33	16,37
38,36	16,21
38,38	16,04
38,41	15,90
38,43	15,77
38,46	15,63
38,48	15,47
38,51	15,33
38,53	15,17
38,55	15,06
38,58	14,93
38,60	14,81
38,63	14,72
38,65	14,64
38,68	14,55
38,70	14,49
38,73	14,42
38,75	14,39
38,77	14,32
38,80	14,31
38,82	14,26
38,85	14,21
38,87	14,17
38,90	14,17
38,92	14,13
38,94	14,16
38,97	14,13
38,99	14,18
39,02	14,19
39,04	14,23
39,07	14,23
39,09	14,31
39,12	14,30
39,14	14,37
39,16	14,37
39,19	14,45
39,21	14,48
39,24	14,60
39,26	14,60
39,29	14,73
39,31	14,77
39,34	14,91
39,36	14,99
39,38	15,11
39,41	15,14
39,43	15,30
39,46	15,36
39,48	15,50
39,51	15,57
39,53	15,69
39,56	15,80
39,58	15,97
39,60	16,08
39,63	16,27
39,65	16,39
39,68	16,56
39,70	16,71
39,73	16,90
39,75	17,04
39,78	17,19
39,80	17,32
39,82	17,50
39,85	17,68
39,87	17,87
39,90	18,08
39,92	18,27
39,95	18,47
39,97	18,67
39,99	18,90
40,02	19,12
40,04	19,35
40,07	19,49
40,09	19,70
40,12	19,89
40,14	20,13
40,17	20,33
40,19	20,52
40,21	20,69
40,24	20,96
40,26	21,16
40,29	21,46
40,31	21,62
40,34	21,90
40,36	22,13
40,39	22,41
40,41	22,66
40,43	22,92
40,46	23,10
40,48	23,42
40,51	23,59
40,53	23,87
40,56	24,09
40,58	24,32
40,61	24,56
40,63	24,90
40,65	25,12
40,68	25,45
40,70	25,70
40,73	26,00
40,75	26,25
40,78	26,53
40,80	26,74
40,83	27,02
40,85	27,21
40,87	27,48
40,90	27,70
40,92	27,99
40,95	28,26
40,97	28,55
41,00	28,80
41,02	29,13
41,05	29,36
41,07	29,67
41,09	29,93
41,12	30,19
41,14	30,41
41,17	30,67
41,19	30,85
41,22	31,10
41,24	31,28
41,26	31,49
41,29	31,72
41,31	31,96
41,34	32,14
41,36	32,40
41,39	32,61
41,41	32,84
41,44	33,04
41,46	33,25
41,48	33,42
41,51	33,62
41,53	33,77
41,56	33,92
41,58	34,08
41,61	34,19
41,63	34,29
41,66	34,38
41,68	34,51
41,70	34,59
41,73	34,68
41,75	34,73
41,78	34,79
41,80	34,86
41,83	34,97
41,85	35,01
41,88	35,07
41,90	35,10
41,92	35,14
41,95	35,16
41,97	35,19
42,00	35,15
42,02	35,10
42,05	35,03
42,07	35,00
42,10	34,96
42,12	34,90
42,14	34,80
42,17	34,73
42,19	34,64
42,22	34,59
42,24	34,47
42,27	34,34
42,29	34,25
42,31	34,13
42,34	33,97
42,36	33,86
42,39	33,65
42,41	33,51
42,44	33,31
42,46	33,15
42,49	32,93
42,51	32,76
42,53	32,53
42,56	32,44
42,58	32,22
42,61	32,10
42,63	31,82
42,66	31,67
42,68	31,43
42,71	31,26
42,73	30,91
42,75	30,73
42,78	30,38
42,80	30,18
42,83	29,88
42,85	29,66
42,88	29,35
42,90	29,17
42,93	28,85
42,95	28,69
42,97	28,40
43,00	28,17
43,02	27,85
43,05	27,60
43,07	27,28
43,10	27,08
43,12	26,75
43,15	26,48
43,17	26,18
43,19	25,95
43,22	25,73
43,24	25,52
43,27	25,26
43,29	25,06
43,32	24,85
43,34	24,66
43,36	24,46
43,39	24,24
43,41	24,03
43,44	23,78
43,46	23,56
43,49	23,35
43,51	23,18
43,54	22,99
43,56	22,85
43,58	22,67
43,61	22,55
43,63	22,39
43,66	22,29
43,68	22,17
43,71	22,09
43,73	21,94
43,76	21,85
43,78	21,73
43,80	21,67
43,83	21,56
43,85	21,49
43,88	21,41
43,90	21,35
43,93	21,30
43,95	21,33
43,98	21,26
44,00	21,27
44,02	21,25
44,05	21,28
44,07	21,27
44,10	21,31
44,12	21,25
44,15	21,31
44,17	21,31
44,20	21,35
44,22	21,34
44,24	21,44
44,27	21,45
44,29	21,59
44,32	21,60
44,34	21,69
44,37	21,74
44,39	21,87
44,41	21,90
44,44	22,03
44,46	22,08
44,49	22,24
44,51	22,33
44,54	22,50
44,56	22,61
44,59	22,78
44,61	22,87
44,63	23,06
44,66	23,17
44,68	23,35
44,71	23,45
44,73	23,60
44,76	23,75
44,78	23,97
44,81	24,15
44,83	24,38
44,85	24,58
44,88	24,84
44,90	25,09
44,93	25,35
44,95	25,55
44,98	25,75
45,00	25,94
45,03	26,17
45,05	26,39
45,07	26,61
45,10	26,82
45,12	27,04
45,15	27,32
45,17	27,59
45,20	27,87
45,22	28,13
45,25	28,41
45,27	28,66
45,29	28,97
45,32	29,18
45,34	29,46
45,37	29,68
45,39	29,96
45,42	30,18
45,44	30,46
45,47	30,69
45,49	31,05
45,51	31,31
45,54	31,69
45,56	31,99
45,59	32,35
45,61	32,64
45,64	33,04
45,66	33,28
45,68	33,61
45,71	33,82
45,73	34,14
45,76	34,43
45,78	34,76
45,81	34,96
45,83	35,31
45,86	35,61
45,88	36,00
45,90	36,30
45,93	36,59
45,95	36,86
45,98	37,22
46,00	37,48
46,03	37,78
46,05	38,00
46,08	38,29
46,10	38,54
46,12	38,86
46,15	39,13
46,17	39,46
46,20	39,74
46,22	40,09
46,25	40,36
46,27	40,69
46,30	40,96
46,32	41,28
46,34	41,54
46,37	41,81
46,39	41,99
46,42	42,25
46,44	42,45
46,47	42,72
46,49	42,94
46,52	43,16
46,54	43,38
46,56	43,65
46,59	43,87
46,61	44,14
46,64	44,32
46,66	44,49
46,69	44,67
46,71	44,85
46,73	45,02
46,76	45,14
46,78	45,24
46,81	45,34
46,83	45,46
46,86	45,56
46,88	45,71
46,91	45,83
46,93	45,95
46,95	46,08
46,98	46,20
47,00	46,27
47,03	46,40
47,05	46,44
47,08	46,51
47,10	46,54
47,13	46,58
47,15	46,57
47,17	46,59
47,20	46,57
47,22	46,55
47,25	46,51
47,27	46,51
47,30	46,43
47,32	46,41
47,35	46,37
47,37	46,33
47,39	46,28
47,42	46,24
47,44	46,10
47,47	46,05
47,49	45,96
47,52	45,85
47,54	45,72
47,57	45,61
47,59	45,43
47,61	45,37
47,64	45,20
47,66	45,09
47,69	44,94
47,71	44,74
47,74	44,50
47,76	44,42
47,78	44,19
47,81	44,07
47,83	43,83
47,86	43,66
47,88	43,48
47,91	43,36
47,93	43,06
47,96	42,88
47,98	42,57
48,00	42,38
48,03	42,09
48,05	41,88
48,08	41,60
48,10	41,39
48,13	41,12
48,15	40,96
48,18	40,69
48,20	40,51
48,22	40,22
48,25	39,99
48,27	39,76
48,30	39,53
48,32	39,24
48,35	39,02
48,37	38,71
48,40	38,49
48,42	38,28
48,44	38,07
48,47	37,87
48,49	37,68
48,52	37,47
48,54	37,33
48,57	37,18
48,59	36,99
48,62	36,79
48,64	36,53
48,66	36,35
48,69	36,18
48,71	36,02
48,74	35,85
48,76	35,68
48,79	35,54
48,81	35,47
48,84	35,34
48,86	35,23
48,88	35,10
48,91	35,01
48,93	34,92
48,96	34,85
48,98	34,73
49,01	34,68
49,03	34,61
49,05	34,58
49,08	34,54
49,10	34,51
49,13	34,48
49,15	34,48
49,18	34,47
49,20	34,50
49,23	34,50
49,25	34,52
49,27	34,57
49,30	34,62
49,32	34,65
49,35	34,76
49,37	34,80
49,40	34,94
49,42	35,04
49,45	35,14
49,47	35,24
49,49	35,39
49,52	35,43
49,54	35,60
49,57	35,67
49,59	35,81
49,62	35,90
49,64	36,09
49,67	36,23
49,69	36,45
49,71	36,60
49,74	36,83
49,76	36,98
49,79	37,20
49,81	37,38
49,84	37,57
49,86	37,71
49,89	37,94
49,91	38,10
49,93	38,36
49,96	38,59
49,98	38,85
50,01	39,13
50,03	39,45
50,06	39,69
50,08	39,99
50,10	40,27
50,13	40,59
50,15	40,86
50,18	41,19
50,20	41,47
50,23	41,77
50,25	42,04
50,28	42,35
50,30	42,64
50,32	42,96
50,35	43,24
50,37	43,59
50,40	43,97
50,42	44,36
50,45	44,72
50,47	45,13
50,50	45,52
50,52	45,91
50,54	46,24
50,57	46,60
50,59	46,97
50,62	47,35
50,64	47,71
50,67	48,07
50,69	48,45
50,72	48,88
50,74	49,21
50,76	49,48
50,79	49,70
50,81	49,85
50,84	49,95
50,86	50,00
50,89	50,00
50,91	50,00
50,94	50,00
50,96	50,00
50,98	50,00
51,01	50,00
51,03	50,00
51,06	50,00
51,08	50,00
51,11	50,00
51,13	50,00
51,15	50,00
51,18	50,00
51,20	50,00
51,23	50,00
51,25	50,00
51,28	50,00
51,30	50,00
51,33	50,00
51,35	50,00
51,37	50,00
51,40	50,00
51,42	50,00
51,45	50,00
51,47	50,00
51,50	50,00
51,52	50,00
51,55	50,00
51,57	50,00
51,59	50,00
51,62	50,00
51,64	50,00
51,67	50,00
51,69	50,00
51,72	50,00
51,74	50,00
51,77	50,00
51,79	50,00
51,81	50,00
51,84	50,00
51,86	50,00
51,89	50,00
51,91	50,00
51,94	50,00
51,96	50,00
51,99	50,00
52,01	50,00
52,03	50,00
52,06	50,00
52,08	50,00
52,11	50,00
52,13	50,00
52,16	50,00
52,18	50,00
52,20	50,00
52,23	50,00
52,25	50,00
52,28	50,00
52,30	50,00
52,33	50,00
52,35	50,00
52,38	50,00
52,40	50,00
52,42	50,00
52,45	50,00
52,47	50,00
52,50	50,00
52,52	50,00
52,55	50,00
52,57	50,00
52,60	50,00
52,62	50,00
52,64	50,00
52,67	50,00
52,69	50,00
52,72	50,00
52,74	50,00
52,77	50,00
52,79	50,00
52,82	50,00
52,84	50,00
52,86	50,00
52,89	50,00
52,91	50,00
52,94	50,00
52,96	50,00
52,99	50,00
53,01	50,00
53,04	50,00
53,06	50,00
53,08	50,00
53,11	50,00
53,13	50,00
53,16	50,00
53,18	50,00
53,21	50,00
53,23	50,00
53,26	50,00
53,28	50,00
53,30	50,00
53,33	50,00
53,35	50,00
53,38	50,00
53,40	50,00
53,43	50,00
53,45	50,00
53,47	50,00
53,50	50,00
53,52	50,00
53,55	50,00
53,57	50,00
53,60	50,00
53,62	50,00
53,65	50,00
53,67	50,00
53,69	50,00
53,72	50,00
53,74	50,00
53,77	50,00
53,79	50,00
53,82	50,00
53,84	50,00
53,87	50,00
53,89	50,00
53,91	50,00
53,94	50,00
53,96	50,00
53,99	50,00
54,01	50,00
54,04	50,00
54,06	50,00
54,09	50,00
54,11	50,00
54,13	50,00
54,16	50,00
54,18	50,00
54,21	50,00
54,23	50,00
54,26	50,00
54,28	50,00
54,31	50,00
54,33	50,00
54,35	50,00
54,38	50,00
54,40	50,00
54,43	50,00
54,45	50,00
54,48	50,00
54,50	50,00
54,52	50,00
54,55	50,00
54,57	50,00
54,60	50,00
54,62	50,00
54,65	50,00
54,67	50,00
54,70	50,00
54,72	50,00
54,74	50,00
54,77	50,00
54,79	50,00
54,82	50,00
54,84	50,00
54,87	50,00
54,89	50,00
54,92	50,00
54,94	50,00
54,96	50,00
54,99	50,00
55,01	50,00
55,04	50,00
55,06	50,00
55,09	50,00
55,11	50,00
55,14	50,00
55,16	50,00
55,18	50,00
55,21	50,00
55,23	50,00
55,26	50,00
55,28	50,00
55,31	50,00
55,33	50,00
55,36	50,00
55,38	50,00
55,40	50,00
55,43	50,00
55,45	50,00
55,48	50,00
55,50	50,00
55,53	50,00
55,55	50,00
55,57	50,00
55,60	50,00
55,62	50,00
55,65	50,00
55,67	50,00
55,70	50,00
55,72	50,00
55,75	50,00
55,77	50,00
55,79	50,00
55,82	50,00
55,84	50,00
55,87	50,00
55,89	50,00
55,92	50,00
55,94	50,00
55,97	50,00
55,99	50,00
56,01	50,00
56,04	50,00
56,06	50,00
56,09	50,00
56,11	50,00
56,14	50,00
56,16	50,00
56,19	50,00
56,21	50,00
56,23	50,00
56,26	50,00
56,28	50,00
56,31	50,00
56,33	50,00
56,36	50,00
56,38	50,00
56,41	50,00
56,43	50,00
56,45	50,00
56,48	50,00
56,50	50,00
56,53	50,00
56,55	50,00
56,58	50,00
56,60	50,00
56,62	50,00
56,65	50,00
56,67	50,00
56,70	50,00
56,72	50,00
56,75	50,00
56,77	50,00
56,80	50,00
56,82	50,00
56,84	50,00
56,87	50,00
56,89	50,00
56,92	50,00
56,94	50,00
56,97	50,00
56,99	50,00
57,02	50,00
57,04	50,00
57,06	50,00
57,09	50,00
57,11	50,00
57,14	50,00
57,16	50,00
57,19	50,00
57,21	50,00
57,24	50,00
57,26	50,00
57,28	50,00
57,31	50,00
57,33	50,00
57,36	50,00
57,38	50,00
57,41	50,00
57,43	50,00
57,46	50,00
57,48	50,00
57,50	50,00
57,53	50,00
57,55	50,00
57,58	50,00
57,60	50,00
57,63	50,00
57,65	50,00
57,68	50,00
57,70	50,00
57,72	50,00
57,75	50,00
57,77	50,00
57,80	50,00
57,82	50,00
57,85	50,00
57,87	50,00
57,89	50,00
57,92	50,00
57,94	50,00
57,97	50,00
57,99	50,00
58,02	50,00
58,04	50,00
58,07	50,00
58,09	50,00
58,11	50,00
58,14	50,00
58,16	50,00
58,19	50,00
58,21	50,00
58,24	50,00
58,26	50,00
58,29	50,00
58,31	50,00
58,33	50,00
58,36	50,00
58,38	50,00
58,41	50,00
58,43	50,00
58,46	50,00
58,48	50,00
58,51	50,00
58,53	50,00
58,55	50,00
58,58	50,00
58,60	50,00
58,63	50,00
58,65	50,00
58,68	50,00
58,70	50,00
58,73	50,00
58,75	50,00
58,77	50,00
58,80	50,00
58,82	50,00
58,85	50,00
58,87	50,00
58,90	50,00
58,92	50,00
58,94	50,00
58,97	50,00
58,99	50,00
59,02	50,00
59,04	50,00
59,07	50,00
59,09	50,00
59,12	50,00
59,14	50,00
59,16	50,00
59,19	50,00
59,21	50,00
59,24	50,00
59,26	50,00
59,29	50,00
59,31	50,00
59,34	50,00
59,36	50,00
59,38	50,00
59,41	50,00
59,43	50,00
59,46	50,00
59,48	50,00
59,51	50,00
59,53	50,00
59,56	50,00
59,58	50,00
59,60	50,00
59,63	50,00
59,65	50,00
59,68	50,00
59,70	50,00
59,73	50,00
59,75	50,00
59,78	50,00
59,80	50,00
59,82	50,00
59,85	50,00
59,87	50,00
59,90	50,00
59,92	50,00
59,95	50,00
59,97	50,00
59,99	50,00
