Voltage U1	Corriente IA
U1/V	IA/nA

0,02	0,25
0,04	0,26
0,07	0,24
0,09	0,26
0,12	0,25
0,14	0,28
0,17	0,22
0,19	0,26
0,21	0,23
0,24	0,27
0,26	0,24
0,29	0,25
0,31	0,24
0,34	0,26
0,36	0,27
0,39	0,32
0,41	0,30
0,43	0,30
0,46	0,29
0,48	0,28
0,51	0,30
0,53	0,29
0,56	0,27
0,58	0,25
0,61	0,24
0,63	0,24
0,65	0,28
0,68	0,26
0,70	0,28
0,73	0,27
0,75	0,29
0,78	0,28
0,80	0,30
0,83	0,27
0,85	0,28
0,87	0,26
0,90	0,27
0,92	0,28
0,95	0,29
0,97	0,27
1,00	0,30
1,02	0,30
1,05	0,32
1,07	0,30
1,09	0,29
1,12	0,33
1,14	0,36
1,17	0,32
1,19	0,31
1,22	0,27
1,24	0,30
1,26	0,29
1,29	0,30
1,31	0,26
1,34	0,28
1,36	0,25
1,39	0,31
1,41	0,29
1,44	0,31
1,46	0,25
1,48	0,28
1,51	0,25
1,53	0,30
1,56	0,25
1,58	0,28
1,61	0,24
1,63	0,28
1,66	0,26
1,68	0,31
1,70	0,25
1,73	0,28
1,75	0,24
1,78	0,29
1,80	0,26
1,83	0,27
1,85	0,26
1,88	0,28
1,90	0,27
1,92	0,31
1,95	0,27
1,97	0,29
2,00	0,25
2,02	0,26
2,05	0,28
2,07	0,27
2,10	0,25
2,12	0,25
2,14	0,22
2,17	0,24
2,19	0,25
2,22	0,24
2,24	0,27
2,27	0,25
2,29	0,25
2,31	0,26
2,34	0,29
2,36	0,27
2,39	0,29
2,41	0,24
2,44	0,26
2,46	0,24
2,49	0,27
2,51	0,24
2,53	0,26
2,56	0,23
2,58	0,30
2,61	0,28
2,63	0,32
2,66	0,30
2,68	0,31
2,71	0,30
2,73	0,32
2,75	0,28
2,78	0,32
2,80	0,27
2,83	0,30
2,85	0,27
2,88	0,28
2,90	0,24
2,93	0,26
2,95	0,23
2,97	0,28
3,00	0,26
3,02	0,31
3,05	0,27
3,07	0,34
3,10	0,30
3,12	0,36
3,15	0,30
3,17	0,32
3,19	0,27
3,22	0,34
3,24	0,28
3,27	0,33
3,29	0,26
3,32	0,34
3,34	0,30
3,36	0,36
3,39	0,29
3,41	0,31
3,44	0,26
3,46	0,32
3,49	0,27
3,51	0,31
3,54	0,23
3,56	0,27
3,58	0,25
3,61	0,31
3,63	0,27
3,66	0,28
3,68	0,24
3,71	0,28
3,73	0,28
3,76	0,29
3,78	0,27
3,80	0,26
3,83	0,24
3,85	0,26
3,88	0,26
3,90	0,27
3,93	0,28
3,95	0,25
3,98	0,27
4,00	0,27
4,02	0,28
4,05	0,28
4,07	0,29
4,10	0,25
4,12	0,28
4,15	0,26
4,17	0,29
4,20	0,27
4,22	0,30
4,24	0,29
4,27	0,31
4,29	0,28
4,32	0,32
4,34	0,30
4,37	0,31
4,39	0,27
4,42	0,30
4,44	0,28
4,46	0,32
4,49	0,27
4,51	0,31
4,54	0,29
4,56	0,31
4,59	0,29
4,61	0,32
4,63	0,28
4,66	0,33
4,68	0,29
4,71	0,31
4,73	0,28
4,76	0,33
4,78	0,29
4,81	0,33
4,83	0,26
4,85	0,29
4,88	0,24
4,90	0,30
4,93	0,23
4,95	0,29
4,98	0,23
5,00	0,27
5,03	0,23
5,05	0,32
5,07	0,24
5,10	0,28
5,12	0,23
5,15	0,28
5,17	0,28
5,20	0,32
5,22	0,23
5,25	0,28
5,27	0,25
5,29	0,30
5,32	0,30
5,34	0,31
5,37	0,28
5,39	0,31
5,42	0,30
5,44	0,34
5,47	0,31
5,49	0,28
5,51	0,28
5,54	0,29
5,56	0,30
5,59	0,30
5,61	0,29
5,64	0,27
5,66	0,26
5,68	0,26
5,71	0,28
5,73	0,26
5,76	0,27
5,78	0,26
5,81	0,28
5,83	0,29
5,86	0,32
5,88	0,30
5,90	0,35
5,93	0,33
5,95	0,34
5,98	0,34
6,00	0,42
6,03	0,40
6,05	0,43
6,08	0,40
6,10	0,43
6,12	0,42
6,15	0,43
6,17	0,38
6,20	0,40
6,22	0,38
6,25	0,39
6,27	0,35
6,30	0,36
6,32	0,30
6,34	0,32
6,37	0,28
6,39	0,30
6,42	0,27
6,44	0,31
6,47	0,29
6,49	0,36
6,52	0,32
6,54	0,36
6,56	0,31
6,59	0,36
6,61	0,31
6,64	0,37
6,66	0,31
6,69	0,34
6,71	0,30
6,73	0,37
6,76	0,32
6,78	0,38
6,81	0,32
6,83	0,39
6,86	0,37
6,88	0,41
6,91	0,36
6,93	0,39
6,95	0,34
6,98	0,41
7,00	0,36
7,03	0,37
7,05	0,33
7,08	0,35
7,10	0,34
7,13	0,38
7,15	0,34
7,17	0,35
7,20	0,33
7,22	0,36
7,25	0,39
7,27	0,40
7,30	0,39
7,32	0,37
7,35	0,36
7,37	0,38
7,39	0,40
7,42	0,38
7,44	0,39
7,47	0,35
7,49	0,37
7,52	0,39
7,54	0,42
7,57	0,42
7,59	0,45
7,61	0,42
7,64	0,47
7,66	0,46
7,69	0,47
7,71	0,45
7,74	0,45
7,76	0,40
7,78	0,43
7,81	0,38
7,83	0,39
7,86	0,36
7,88	0,39
7,91	0,38
7,93	0,41
7,96	0,38
7,98	0,44
8,00	0,44
8,03	0,49
8,05	0,47
8,08	0,51
8,10	0,49
8,13	0,54
8,15	0,51
8,18	0,54
8,20	0,48
8,22	0,49
8,25	0,46
8,27	0,52
8,30	0,48
8,32	0,52
8,35	0,46
8,37	0,52
8,40	0,48
8,42	0,52
8,44	0,48
8,47	0,52
8,49	0,47
8,52	0,54
8,54	0,50
8,57	0,55
8,59	0,47
8,62	0,49
8,64	0,47
8,66	0,53
8,69	0,50
8,71	0,53
8,74	0,50
8,76	0,56
8,79	0,55
8,81	0,58
8,84	0,56
8,86	0,57
8,88	0,53
8,91	0,55
8,93	0,54
8,96	0,55
8,98	0,57
9,01	0,55
9,03	0,55
9,05	0,57
9,08	0,63
9,10	0,65
9,13	0,66
9,15	0,61
9,18	0,63
9,20	0,62
9,23	0,64
9,25	0,58
9,27	0,58
9,30	0,56
9,32	0,57
9,35	0,56
9,37	0,60
9,40	0,58
9,42	0,62
9,45	0,62
9,47	0,65
9,49	0,62
9,52	0,65
9,54	0,61
9,57	0,64
9,59	0,60
9,62	0,60
9,64	0,58
9,67	0,62
9,69	0,58
9,71	0,64
9,74	0,60
9,76	0,63
9,79	0,60
9,81	0,64
9,84	0,62
9,86	0,68
9,89	0,62
9,91	0,67
9,93	0,60
9,96	0,66
9,98	0,63
10,01	0,67
10,03	0,62
10,06	0,67
10,08	0,64
10,10	0,72
10,13	0,68
10,15	0,71
10,18	0,68
10,20	0,73
10,23	0,70
10,25	0,75
10,28	0,67
10,30	0,69
10,32	0,66
10,35	0,69
10,37	0,67
10,40	0,68
10,42	0,62
10,45	0,69
10,47	0,67
10,50	0,72
10,52	0,70
10,54	0,72
10,57	0,73
10,59	0,75
10,62	0,74
10,64	0,77
10,67	0,72
10,69	0,72
10,72	0,71
10,74	0,69
10,76	0,72
10,79	0,70
10,81	0,71
10,84	0,71
10,86	0,71
10,89	0,71
10,91	0,78
10,94	0,76
10,96	0,80
10,98	0,79
11,01	0,80
11,03	0,78
11,06	0,82
11,08	0,76
11,11	0,79
11,13	0,76
11,15	0,78
11,18	0,78
11,20	0,82
11,23	0,79
11,25	0,83
11,28	0,78
11,30	0,83
11,33	0,80
11,35	0,83
11,37	0,80
11,40	0,83
11,42	0,80
11,45	0,87
11,47	0,81
11,50	0,85
11,52	0,81
11,55	0,88
11,57	0,87
11,59	0,90
11,62	0,84
11,64	0,92
11,67	0,90
11,69	0,97
11,72	0,92
11,74	0,97
11,77	0,94
11,79	1,01
11,81	0,94
11,84	1,00
11,86	0,94
11,89	1,00
11,91	0,96
11,94	1,01
11,96	0,98
11,99	1,02
12,01	0,97
12,03	1,05
12,06	1,01
12,08	1,05
12,11	1,02
12,13	1,03
12,16	1,02
12,18	1,07
12,21	1,02
12,23	1,04
12,25	1,01
12,28	1,03
12,30	1,05
12,33	1,09
12,35	1,07
12,38	1,10
12,40	1,09
12,42	1,10
12,45	1,14
12,47	1,15
12,50	1,15
12,52	1,15
12,55	1,13
12,57	1,14
12,60	1,15
12,62	1,14
12,64	1,17
12,67	1,14
12,69	1,17
12,72	1,17
12,74	1,20
12,77	1,21
12,79	1,23
12,82	1,21
12,84	1,25
12,86	1,19
12,89	1,22
12,91	1,21
12,94	1,22
12,96	1,19
12,99	1,21
13,01	1,18
13,04	1,25
13,06	1,23
13,08	1,26
13,11	1,25
13,13	1,26
13,16	1,23
13,18	1,26
13,21	1,21
13,23	1,24
13,26	1,20
13,28	1,21
13,30	1,19
13,33	1,23
13,35	1,19
13,38	1,25
13,40	1,21
13,43	1,26
13,45	1,23
13,47	1,29
13,50	1,28
13,52	1,33
13,55	1,27
13,57	1,33
13,60	1,27
13,62	1,32
13,65	1,25
13,67	1,24
13,69	1,20
13,72	1,26
13,74	1,21
13,77	1,24
13,79	1,18
13,82	1,21
13,84	1,22
13,87	1,27
13,89	1,23
13,91	1,25
13,94	1,22
13,96	1,26
13,99	1,26
14,01	1,26
14,04	1,24
14,06	1,21
14,09	1,20
14,11	1,23
14,13	1,23
14,16	1,23
14,18	1,22
14,21	1,20
14,23	1,24
14,26	1,22
14,28	1,23
14,31	1,23
14,33	1,22
14,35	1,20
14,38	1,22
14,40	1,19
14,43	1,23
14,45	1,21
14,48	1,22
14,50	1,22
14,52	1,23
14,55	1,21
14,57	1,22
14,60	1,19
14,62	1,21
14,65	1,18
14,67	1,19
14,70	1,17
14,72	1,20
14,74	1,19
14,77	1,22
14,79	1,17
14,82	1,20
14,84	1,19
14,87	1,22
14,89	1,22
14,92	1,24
14,94	1,19
14,96	1,27
14,99	1,22
15,01	1,26
15,04	1,23
15,06	1,25
15,09	1,20
15,11	1,26
15,14	1,20
15,16	1,27
15,18	1,20
15,21	1,25
15,23	1,20
15,26	1,26
15,28	1,21
15,31	1,28
15,33	1,22
15,36	1,29
15,38	1,25
15,40	1,30
15,43	1,29
15,45	1,33
15,48	1,27
15,50	1,33
15,53	1,28
15,55	1,34
15,57	1,32
15,60	1,34
15,62	1,33
15,65	1,38
15,67	1,37
15,70	1,45
15,72	1,44
15,75	1,44
15,77	1,44
15,79	1,44
15,82	1,46
15,84	1,47
15,87	1,45
15,89	1,44
15,92	1,45
15,94	1,45
15,97	1,51
15,99	1,50
16,01	1,53
16,04	1,52
16,06	1,54
16,09	1,56
16,11	1,61
16,14	1,58
16,16	1,63
16,19	1,60
16,21	1,64
16,23	1,67
16,26	1,70
16,28	1,68
16,31	1,73
16,33	1,74
16,36	1,78
16,38	1,80
16,41	1,82
16,43	1,83
16,45	1,88
16,48	1,87
16,50	1,90
16,53	1,88
16,55	1,92
16,58	1,93
16,60	1,98
16,63	1,98
16,65	2,01
16,67	1,98
16,70	2,05
16,72	2,03
16,75	2,07
16,77	2,04
16,80	2,08
16,82	2,08
16,84	2,16
16,87	2,12
16,89	2,20
16,92	2,17
16,94	2,25
16,97	2,22
16,99	2,27
17,02	2,24
17,04	2,31
17,06	2,26
17,09	2,34
17,11	2,32
17,14	2,37
17,16	2,36
17,19	2,38
17,21	2,35
17,24	2,43
17,26	2,41
17,28	2,44
17,31	2,41
17,33	2,43
17,36	2,44
17,38	2,46
17,41	2,44
17,43	2,45
17,46	2,44
17,48	2,46
17,50	2,49
17,53	2,50
17,55	2,50
17,58	2,49
17,60	2,47
17,63	2,49
17,65	2,51
17,68	2,51
17,70	2,53
17,72	2,49
17,75	2,50
17,77	2,50
17,80	2,53
17,82	2,51
17,85	2,53
17,87	2,48
17,89	2,52
17,92	2,51
17,94	2,53
17,97	2,49
17,99	2,49
18,02	2,46
18,04	2,48
18,07	2,43
18,09	2,44
18,11	2,38
18,14	2,39
18,16	2,38
18,19	2,40
18,21	2,37
18,24	2,41
18,26	2,35
18,29	2,39
18,31	2,36
18,33	2,36
18,36	2,30
18,38	2,32
18,41	2,26
18,43	2,34
18,46	2,28
18,48	2,30
18,51	2,25
18,53	2,28
18,55	2,26
18,58	2,31
18,60	2,21
18,63	2,25
18,65	2,19
18,68	2,25
18,70	2,20
18,73	2,21
18,75	2,13
18,77	2,20
18,80	2,14
18,82	2,17
18,85	2,08
18,87	2,08
18,90	2,03
18,92	2,09
18,94	2,02
18,97	2,04
18,99	1,99
19,02	2,03
19,04	2,00
19,07	2,01
19,09	1,96
19,12	1,95
19,14	1,92
19,16	1,94
19,19	1,93
19,21	1,95
19,24	1,94
19,26	1,93
19,29	1,92
19,31	1,93
19,34	1,92
19,36	1,90
19,38	1,89
19,41	1,84
19,43	1,85
19,46	1,83
19,48	1,85
19,51	1,82
19,53	1,84
19,56	1,83
19,58	1,83
19,60	1,81
19,63	1,87
19,65	1,84
19,68	1,88
19,70	1,86
19,73	1,88
19,75	1,88
19,78	1,94
19,80	1,89
19,82	1,93
19,85	1,92
19,87	1,93
19,90	1,93
19,92	1,98
19,95	1,93
19,97	1,96
19,99	1,93
20,02	1,98
20,04	1,97
20,07	1,99
20,09	1,96
20,12	2,02
20,14	2,00
20,17	2,05
20,19	1,99
20,21	2,04
20,24	2,02
20,26	2,08
20,29	2,03
20,31	2,08
20,34	2,05
20,36	2,15
20,39	2,12
20,41	2,20
20,43	2,17
20,46	2,24
20,48	2,24
20,51	2,31
20,53	2,25
20,56	2,30
20,58	2,27
20,61	2,34
20,63	2,35
20,65	2,39
20,68	2,38
20,70	2,44
20,73	2,46
20,75	2,53
20,78	2,55
20,80	2,57
20,83	2,59
20,85	2,63
20,87	2,66
20,90	2,71
20,92	2,72
20,95	2,74
20,97	2,76
21,00	2,79
21,02	2,85
21,05	2,87
21,07	2,90
21,09	2,95
21,12	2,98
21,14	3,02
21,17	3,09
21,19	3,11
21,22	3,18
21,24	3,19
21,26	3,24
21,29	3,28
21,31	3,35
21,34	3,36
21,36	3,43
21,39	3,46
21,41	3,51
21,44	3,53
21,46	3,61
21,48	3,64
21,51	3,71
21,53	3,71
21,56	3,77
21,58	3,79
21,61	3,86
21,63	3,86
21,66	3,92
21,68	3,92
21,70	4,00
21,73	4,01
21,75	4,06
21,78	4,07
21,80	4,14
21,83	4,14
21,85	4,19
21,88	4,16
21,90	4,25
21,92	4,27
21,95	4,34
21,97	4,30
22,00	4,34
22,02	4,32
22,05	4,39
22,07	4,34
22,10	4,39
22,12	4,33
22,14	4,41
22,17	4,40
22,19	4,46
22,22	4,43
22,24	4,47
22,27	4,41
22,29	4,47
22,31	4,41
22,34	4,42
22,36	4,37
22,39	4,38
22,41	4,34
22,44	4,38
22,46	4,34
22,49	4,37
22,51	4,33
22,53	4,34
22,56	4,35
22,58	4,34
22,61	4,29
22,63	4,27
22,66	4,22
22,68	4,22
22,71	4,20
22,73	4,16
22,75	4,14
22,78	4,11
22,80	4,09
22,83	4,10
22,85	4,09
22,88	4,04
22,90	4,03
22,93	3,97
22,95	3,96
22,97	3,92
23,00	3,88
23,02	3,83
23,05	3,80
23,07	3,74
23,10	3,70
23,12	3,64
23,15	3,61
23,17	3,54
23,19	3,51
23,22	3,46
23,24	3,45
23,27	3,42
23,29	3,41
23,32	3,35
23,34	3,35
23,36	3,30
23,39	3,30
23,41	3,24
23,44	3,24
23,46	3,17
23,49	3,18
23,51	3,09
23,54	3,08
23,56	3,00
23,58	3,01
23,61	2,96
23,63	2,99
23,66	2,91
23,68	2,95
23,71	2,87
23,73	2,91
23,76	2,85
23,78	2,86
23,80	2,77
23,83	2,81
23,85	2,73
23,88	2,78
23,90	2,68
23,93	2,69
23,95	2,63
23,98	2,69
24,00	2,64
24,02	2,70
24,05	2,62
24,07	2,66
24,10	2,63
24,12	2,66
24,15	2,60
24,17	2,61
24,20	2,54
24,22	2,58
24,24	2,56
24,27	2,59
24,29	2,59
24,32	2,57
24,34	2,57
24,37	2,58
24,39	2,58
24,42	2,62
24,44	2,61
24,46	2,57
24,49	2,60
24,51	2,58
24,54	2,62
24,56	2,63
24,59	2,63
24,61	2,61
24,63	2,64
24,66	2,63
24,68	2,71
24,71	2,70
24,73	2,75
24,76	2,75
24,78	2,81
24,81	2,80
24,83	2,85
24,85	2,83
24,88	2,89
24,90	2,88
24,93	2,92
24,95	2,91
24,98	2,98
25,00	3,00
25,03	3,06
25,05	3,04
25,07	3,10
25,10	3,11
25,12	3,17
25,15	3,22
25,17	3,27
25,20	3,27
25,22	3,34
25,25	3,33
25,27	3,40
25,29	3,41
25,32	3,48
25,34	3,49
25,37	3,56
25,39	3,56
25,42	3,68
25,44	3,69
25,47	3,78
25,49	3,79
25,51	3,87
25,54	3,89
25,56	4,01
25,59	4,00
25,61	4,08
25,64	4,09
25,66	4,17
25,68	4,22
25,71	4,30
25,73	4,29
25,76	4,38
25,78	4,41
25,81	4,52
25,83	4,54
25,86	4,61
25,88	4,66
25,90	4,72
25,93	4,78
25,95	4,89
25,98	4,91
26,00	4,98
26,03	5,03
26,05	5,10
26,08	5,20
26,10	5,27
26,12	5,32
26,15	5,39
26,17	5,45
26,20	5,50
26,22	5,60
26,25	5,65
26,27	5,73
26,30	5,78
26,32	5,85
26,34	5,91
26,37	6,00
26,39	6,02
26,42	6,10
26,44	6,14
26,47	6,21
26,49	6,26
26,52	6,34
26,54	6,37
26,56	6,43
26,59	6,43
26,61	6,52
26,64	6,54
26,66	6,60
26,69	6,62
26,71	6,66
26,73	6,68
26,76	6,78
26,78	6,76
26,81	6,82
26,83	6,79
26,86	6,84
26,88	6,85
26,91	6,88
26,93	6,85
26,95	6,92
26,98	6,90
27,00	6,98
27,03	6,96
27,05	6,97
27,08	6,93
27,10	6,98
27,13	6,91
27,15	6,95
27,17	6,87
27,20	6,89
27,22	6,84
27,25	6,89
27,27	6,81
27,30	6,82
27,32	6,72
27,35	6,78
27,37	6,71
27,39	6,70
27,42	6,60
27,44	6,55
27,47	6,47
27,49	6,48
27,52	6,38
27,54	6,36
27,57	6,27
27,59	6,24
27,61	6,22
27,64	6,19
27,66	6,09
27,69	6,04
27,71	5,94
27,74	5,90
27,76	5,83
27,78	5,76
27,81	5,68
27,83	5,60
27,86	5,52
27,88	5,48
27,91	5,41
27,93	5,33
27,96	5,29
27,98	5,20
28,00	5,16
28,03	5,09
28,05	5,03
28,08	4,98
28,10	4,94
28,13	4,84
28,15	4,80
28,18	4,68
28,20	4,64
28,22	4,56
28,25	4,51
28,27	4,41
28,30	4,38
28,32	4,31
28,35	4,31
28,37	4,24
28,40	4,24
28,42	4,15
28,44	4,15
28,47	4,09
28,49	4,07
28,52	4,00
28,54	3,99
28,57	3,91
28,59	3,92
28,62	3,85
28,64	3,84
28,66	3,79
28,69	3,83
28,71	3,75
28,74	3,78
28,76	3,66
28,79	3,70
28,81	3,69
28,84	3,70
28,86	3,59
28,88	3,63
28,91	3,55
28,93	3,60
28,96	3,53
28,98	3,53
29,01	3,47
29,03	3,53
29,05	3,49
29,08	3,56
29,10	3,51
29,13	3,54
29,15	3,51
29,18	3,57
29,20	3,55
29,23	3,58
29,25	3,53
29,27	3,56
29,30	3,56
29,32	3,61
29,35	3,62
29,37	3,62
29,40	3,63
29,42	3,68
29,45	3,72
29,47	3,77
29,49	3,80
29,52	3,81
29,54	3,88
29,57	3,92
29,59	3,98
29,62	4,01
29,64	4,04
29,67	4,06
29,69	4,10
29,71	4,12
29,74	4,19
29,76	4,20
29,79	4,26
29,81	4,30
29,84	4,38
29,86	4,44
29,89	4,53
29,91	4,55
29,93	4,66
29,96	4,67
29,98	4,76
30,01	4,80
30,03	4,88
30,06	4,90
30,08	5,01
30,10	5,01
30,13	5,13
30,15	5,16
30,18	5,25
30,20	5,29
30,23	5,40
30,25	5,43
30,28	5,56
30,30	5,60
30,32	5,71
30,35	5,75
30,37	5,84
30,40	5,88
30,42	5,96
30,45	5,99
30,47	6,14
30,50	6,18
30,52	6,30
30,54	6,36
30,57	6,48
30,59	6,53
30,62	6,68
30,64	6,73
30,67	6,87
30,69	6,90
30,72	7,02
30,74	7,09
30,76	7,22
30,79	7,25
30,81	7,35
30,84	7,39
30,86	7,55
30,89	7,62
30,91	7,73
30,94	7,81
30,96	7,93
30,98	8,02
31,01	8,16
31,03	8,22
31,06	8,31
31,08	8,38
31,11	8,47
31,13	8,58
31,15	8,67
31,18	8,75
31,20	8,84
31,23	8,92
31,25	9,02
31,28	9,14
31,30	9,21
31,33	9,30
31,35	9,36
31,37	9,45
31,40	9,53
31,42	9,62
31,45	9,66
31,47	9,75
31,50	9,77
31,52	9,85
31,55	9,91
31,57	9,96
31,59	9,99
31,62	10,05
31,64	10,04
31,67	10,12
31,69	10,14
31,72	10,17
31,74	10,19
31,77	10,23
31,79	10,21
31,81	10,27
31,84	10,21
31,86	10,21
31,89	10,17
31,91	10,17
31,94	10,14
31,96	10,14
31,99	10,08
32,01	10,11
32,03	10,07
32,06	10,09
32,08	10,03
32,11	10,02
32,13	9,94
32,16	9,94
32,18	9,84
32,20	9,83
32,23	9,68
32,25	9,65
32,28	9,54
32,30	9,53
32,33	9,38
32,35	9,34
32,38	9,18
32,40	9,18
32,42	9,05
32,45	8,99
32,47	8,86
32,50	8,79
32,52	8,66
32,55	8,63
32,57	8,48
32,60	8,39
32,62	8,24
32,64	8,16
32,67	8,04
32,69	7,96
32,72	7,81
32,74	7,74
32,77	7,61
32,79	7,53
32,82	7,43
32,84	7,35
32,86	7,26
32,89	7,16
32,91	7,03
32,94	6,94
32,96	6,86
32,99	6,74
33,01	6,65
33,04	6,51
33,06	6,43
33,08	6,33
33,11	6,26
33,13	6,17
33,16	6,11
33,18	6,00
33,21	5,95
33,23	5,83
33,26	5,79
33,28	5,70
33,30	5,64
33,33	5,54
33,35	5,49
33,38	5,39
33,40	5,39
33,43	5,28
33,45	5,25
33,47	5,19
33,50	5,18
33,52	5,12
33,55	5,14
33,57	5,07
33,60	5,08
33,62	5,01
33,65	4,99
33,67	4,92
33,69	4,91
33,72	4,85
33,74	4,90
33,77	4,84
33,79	4,88
33,82	4,84
33,84	4,88
33,87	4,86
33,89	4,90
33,91	4,81
33,94	4,85
33,96	4,79
33,99	4,86
34,01	4,83
34,04	4,87
34,06	4,82
34,09	4,89
34,11	4,87
34,13	4,95
34,16	4,89
34,18	4,93
34,21	4,93
34,23	5,02
34,26	5,02
34,28	5,07
34,31	5,06
34,33	5,16
34,35	5,19
34,38	5,27
34,40	5,28
34,43	5,35
34,45	5,39
34,48	5,48
34,50	5,54
34,52	5,60
34,55	5,64
34,57	5,68
34,60	5,75
34,62	5,80
34,65	5,85
34,67	5,94
34,70	6,01
34,72	6,06
34,74	6,15
34,77	6,22
34,79	6,33
34,82	6,41
34,84	6,50
34,87	6,56
34,89	6,63
34,92	6,69
34,94	6,82
34,96	6,87
34,99	6,97
35,01	7,04
35,04	7,18
35,06	7,29
35,09	7,42
35,11	7,48
35,14	7,62
35,16	7,71
35,18	7,82
35,21	7,88
35,23	7,98
35,26	8,05
35,28	8,17
35,31	8,22
35,33	8,35
35,36	8,43
35,38	8,57
35,40	8,68
35,43	8,82
35,45	8,91
35,48	9,06
35,50	9,13
35,53	9,28
35,55	9,37
35,57	9,52
35,60	9,59
35,62	9,71
35,65	9,78
35,67	9,96
35,70	10,02
35,72	10,18
35,75	10,24
35,77	10,41
35,79	10,52
35,82	10,68
35,84	10,74
35,87	10,89
35,89	10,97
35,92	11,12
35,94	11,23
35,97	11,37
35,99	11,43
36,01	11,56
36,04	11,65
36,06	11,82
36,09	11,92
36,11	12,02
36,14	12,12
36,16	12,25
36,19	12,37
36,21	12,49
36,23	12,55
36,26	12,64
36,28	12,71
36,31	12,79
36,33	12,89
36,36	12,96
36,38	13,03
36,41	13,11
36,43	13,18
36,45	13,25
36,48	13,35
36,50	13,40
36,53	13,47
36,55	13,50
36,58	13,53
36,60	13,55
36,62	13,61
36,65	13,60
36,67	13,64
36,70	13,62
36,72	13,65
36,75	13,62
36,77	13,63
36,80	13,60
36,82	13,59
36,84	13,51
36,87	13,50
36,89	13,41
36,92	13,36
36,94	13,30
36,97	13,27
36,99	13,21
37,02	13,18
37,04	13,07
37,06	13,06
37,09	12,97
37,11	12,91
37,14	12,80
37,16	12,75
37,19	12,61
37,21	12,55
37,24	12,39
37,26	12,36
37,28	12,20
37,31	12,11
37,33	11,94
37,36	11,90
37,38	11,74
37,41	11,72
37,43	11,51
37,46	11,42
37,48	11,24
37,50	11,16
37,53	10,98
37,55	10,87
37,58	10,64
37,60	10,58
37,63	10,40
37,65	10,31
37,68	10,11
37,70	10,00
37,72	9,85
37,75	9,77
37,77	9,59
37,80	9,49
37,82	9,30
37,85	9,19
37,87	9,07
37,89	8,97
37,92	8,82
37,94	8,69
37,97	8,54
37,99	8,46
38,02	8,37
38,04	8,24
38,07	8,11
38,09	7,99
38,11	7,88
38,14	7,81
38,16	7,71
38,19	7,60
38,21	7,51
38,24	7,39
38,26	7,33
38,29	7,24
38,31	7,15
38,33	7,07
38,36	7,01
38,38	6,93
38,41	6,89
38,43	6,79
38,46	6,76
38,48	6,71
38,51	6,66
38,53	6,61
38,55	6,59
38,58	6,53
38,60	6,56
38,63	6,51
38,65	6,51
38,68	6,48
38,70	6,49
38,73	6,46
38,75	6,47
38,77	6,45
38,80	6,49
38,82	6,45
38,85	6,49
38,87	6,48
38,90	6,52
38,92	6,52
38,94	6,56
38,97	6,54
38,99	6,64
39,02	6,61
39,04	6,68
39,07	6,67
39,09	6,73
39,12	6,69
39,14	6,76
39,16	6,72
39,19	6,83
39,21	6,83
39,24	6,92
39,26	6,94
39,29	7,07
39,31	7,11
39,34	7,23
39,36	7,25
39,38	7,34
39,41	7,38
39,43	7,49
39,46	7,53
39,48	7,61
39,51	7,62
39,53	7,73
39,56	7,81
39,58	7,93
39,60	8,00
39,63	8,09
39,65	8,18
39,68	8,30
39,70	8,40
39,73	8,52
39,75	8,60
39,78	8,68
39,80	8,78
39,82	8,86
39,85	8,99
39,87	9,07
39,90	9,19
39,92	9,28
39,95	9,41
39,97	9,53
39,99	9,71
40,02	9,80
40,04	9,95
40,07	10,05
40,09	10,19
40,12	10,29
40,14	10,45
40,17	10,52
40,19	10,66
40,21	10,74
40,24	10,88
40,26	11,01
40,29	11,17
40,31	11,27
40,34	11,47
40,36	11,60
40,39	11,79
40,41	11,91
40,43	12,06
40,46	12,18
40,48	12,34
40,51	12,43
40,53	12,60
40,56	12,68
40,58	12,85
40,61	12,95
40,63	13,14
40,65	13,26
40,68	13,43
40,70	13,55
40,73	13,76
40,75	13,88
40,78	14,08
40,80	14,19
40,83	14,34
40,85	14,44
40,87	14,62
40,90	14,71
40,92	14,87
40,95	14,97
40,97	15,15
41,00	15,29
41,02	15,44
41,05	15,52
41,07	15,68
41,09	15,78
41,12	15,93
41,14	16,00
41,17	16,12
41,19	16,21
41,22	16,34
41,24	16,43
41,26	16,53
41,29	16,59
41,31	16,68
41,34	16,74
41,36	16,82
41,39	16,90
41,41	16,97
41,44	17,02
41,46	17,09
41,48	17,13
41,51	17,19
41,53	17,26
41,56	17,26
41,58	17,28
41,61	17,28
41,63	17,29
41,66	17,29
41,68	17,30
41,70	17,25
41,73	17,25
41,75	17,18
41,78	17,19
41,80	17,13
41,83	17,11
41,85	17,06
41,88	17,03
41,90	16,95
41,92	16,96
41,95	16,82
41,97	16,75
42,00	16,65
42,02	16,53
42,05	16,37
42,07	16,28
42,10	16,10
42,12	16,05
42,14	15,90
42,17	15,80
42,19	15,69
42,22	15,63
42,24	15,47
42,27	15,40
42,29	15,23
42,31	15,15
42,34	14,95
42,36	14,82
42,39	14,60
42,41	14,50
42,44	14,29
42,46	14,20
42,49	13,94
42,51	13,84
42,53	13,68
42,56	13,59
42,58	13,39
42,61	13,28
42,63	13,05
42,66	13,02
42,68	12,81
42,71	12,68
42,73	12,45
42,75	12,29
42,78	12,09
42,80	11,98
42,83	11,75
42,85	11,61
42,88	11,42
42,90	11,31
42,93	11,19
42,95	11,11
42,97	10,95
43,00	10,84
43,02	10,69
43,05	10,59
43,07	10,46
43,10	10,34
43,12	10,18
43,15	10,06
43,17	9,94
43,19	9,85
43,22	9,74
43,24	9,64
43,27	9,56
43,29	9,46
43,32	9,39
43,34	9,31
43,36	9,25
43,39	9,20
43,41	9,14
43,44	9,05
43,46	9,00
43,49	8,90
43,51	8,89
43,54	8,83
43,56	8,80
43,58	8,76
43,61	8,75
43,63	8,73
43,66	8,75
43,68	8,70
43,71	8,71
43,73	8,68
43,76	8,68
43,78	8,67
43,80	8,69
43,83	8,68
43,85	8,73
43,88	8,71
43,90	8,72
43,93	8,73
43,95	8,76
43,98	8,74
44,00	8,81
44,02	8,81
44,05	8,89
44,07	8,92
44,10	9,00
44,12	9,07
44,15	9,17
44,17	9,17
44,20	9,27
44,22	9,27
44,24	9,37
44,27	9,41
44,29	9,47
44,32	9,50
44,34	9,60
44,37	9,63
44,39	9,77
44,41	9,80
44,44	9,91
44,46	9,97
44,49	10,12
44,51	10,22
44,54	10,35
44,56	10,40
44,59	10,54
44,61	10,61
44,63	10,75
44,66	10,83
44,68	10,92
44,71	11,00
44,73	11,13
44,76	11,24
44,78	11,40
44,81	11,52
44,83	11,66
44,85	11,83
44,88	11,98
44,90	12,14
44,93	12,29
44,95	12,43
44,98	12,53
45,00	12,64
45,03	12,75
45,05	12,92
45,07	13,02
45,10	13,17
45,12	13,31
45,15	13,51
45,17	13,67
45,20	13,88
45,22	14,01
45,25	14,22
45,27	14,36
45,29	14,55
45,32	14,67
45,34	14,84
45,37	14,95
45,39	15,16
45,42	15,23
45,44	15,42
45,47	15,54
45,49	15,73
45,51	15,87
45,54	16,08
45,56	16,18
45,59	16,44
45,61	16,59
45,64	16,80
45,66	16,94
45,68	17,12
45,71	17,23
45,73	17,43
45,76	17,53
45,78	17,69
45,81	17,77
45,83	17,99
45,86	18,14
45,88	18,32
45,90	18,45
45,93	18,65
45,95	18,79
45,98	19,02
46,00	19,11
46,03	19,26
46,05	19,37
46,08	19,55
46,10	19,59
46,12	19,76
46,15	19,82
46,17	19,99
46,20	20,08
46,22	20,22
46,25	20,27
46,27	20,43
46,30	20,47
46,32	20,63
46,34	20,68
46,37	20,77
46,39	20,81
46,42	20,88
46,44	20,94
46,47	21,02
46,49	21,03
46,52	21,09
46,54	21,11
46,56	21,16
46,59	21,22
46,61	21,23
46,64	21,24
46,66	21,24
46,69	21,23
46,71	21,23
46,73	21,23
46,76	21,20
46,78	21,19
46,81	21,14
46,83	21,10
46,86	21,07
46,88	21,03
46,91	20,95
46,93	20,88
46,95	20,77
46,98	20,71
47,00	20,60
47,03	20,50
47,05	20,40
47,08	20,33
47,10	20,19
47,13	20,12
47,15	19,99
47,17	19,91
47,20	19,77
47,22	19,62
47,25	19,45
47,27	19,34
47,30	19,16
47,32	19,02
47,35	18,87
47,37	18,73
47,39	18,57
47,42	18,42
47,44	18,25
47,47	18,14
47,49	17,96
47,52	17,84
47,54	17,66
47,57	17,52
47,59	17,34
47,61	17,21
47,64	17,01
47,66	16,88
47,69	16,61
47,71	16,46
47,74	16,24
47,76	16,14
47,78	15,93
47,81	15,80
47,83	15,58
47,86	15,50
47,88	15,32
47,91	15,23
47,93	14,99
47,96	14,85
47,98	14,64
48,00	14,53
48,03	14,32
48,05	14,22
48,08	14,00
48,10	13,90
48,13	13,76
48,15	13,68
48,18	13,54
48,20	13,43
48,22	13,27
48,25	13,19
48,27	13,07
48,30	12,97
48,32	12,86
48,35	12,75
48,37	12,65
48,40	12,58
48,42	12,51
48,44	12,45
48,47	12,39
48,49	12,29
48,52	12,25
48,54	12,19
48,57	12,16
48,59	12,12
48,62	12,07
48,64	12,00
48,66	11,98
48,69	11,92
48,71	11,92
48,74	11,87
48,76	11,87
48,79	11,85
48,81	11,86
48,84	11,86
48,86	11,85
48,88	11,83
48,91	11,90
48,93	11,91
48,96	11,95
48,98	11,95
49,01	12,00
49,03	12,07
49,05	12,16
49,08	12,17
49,10	12,26
49,13	12,29
49,15	12,38
49,18	12,42
49,20	12,48
49,23	12,51
49,25	12,61
49,27	12,62
49,30	12,75
49,32	12,83
49,35	12,94
49,37	13,04
49,40	13,16
49,42	13,25
49,45	13,39
49,47	13,48
49,49	13,59
49,52	13,68
49,54	13,79
49,57	13,88
49,59	14,00
49,62	14,08
49,64	14,22
49,67	14,30
49,69	14,45
49,71	14,56
49,74	14,73
49,76	14,84
49,79	15,05
49,81	15,16
49,84	15,36
49,86	15,45
49,89	15,64
49,91	15,76
49,93	15,93
49,96	16,03
49,98	16,21
50,01	16,34
50,03	16,56
50,06	16,71
50,08	16,90
50,10	17,07
50,13	17,26
50,15	17,41
50,18	17,65
50,20	17,78
50,23	17,95
50,25	18,10
50,28	18,28
50,30	18,44
50,32	18,64
50,35	18,80
50,37	19,03
50,40	19,21
50,42	19,41
50,45	19,63
50,47	19,84
50,50	20,07
50,52	20,22
50,54	20,39
50,57	20,57
50,59	20,79
50,62	20,96
50,64	21,17
50,67	21,28
50,69	21,49
50,72	21,68
50,74	21,92
50,76	22,10
50,79	22,32
50,81	22,45
50,84	22,70
50,86	22,87
50,89	23,06
50,91	23,18
50,94	23,35
50,96	23,44
50,98	23,65
51,01	23,72
51,03	23,89
51,06	24,00
51,08	24,19
51,11	24,33
51,13	24,54
51,15	24,65
51,18	24,83
51,20	24,94
51,23	25,12
51,25	25,22
51,28	25,33
51,30	25,40
51,33	25,53
51,35	25,62
51,37	25,78
51,40	25,82
51,42	25,92
51,45	25,97
51,47	26,10
51,50	26,15
51,52	26,25
51,55	26,24
51,57	26,32
51,59	26,32
51,62	26,40
51,64	26,37
51,67	26,41
51,69	26,36
51,72	26,41
51,74	26,39
51,77	26,45
51,79	26,35
51,81	26,37
51,84	26,31
51,86	26,34
51,89	26,26
51,91	26,24
51,94	26,13
51,96	26,13
51,99	26,05
52,01	26,01
52,03	25,93
52,06	25,86
52,08	25,75
52,11	25,68
52,13	25,58
52,16	25,48
52,18	25,37
52,20	25,23
52,23	25,12
52,25	25,01
52,28	24,91
52,30	24,80
52,33	24,67
52,35	24,52
52,38	24,39
52,40	24,24
52,42	24,12
52,45	23,95
52,47	23,79
52,50	23,63
52,52	23,44
52,55	23,28
52,57	23,15
52,60	22,97
52,62	22,79
52,64	22,61
52,67	22,47
52,69	22,33
52,72	22,19
52,74	22,01
52,77	21,88
52,79	21,73
52,82	21,59
52,84	21,42
52,86	21,26
52,89	21,07
52,91	20,93
52,94	20,74
52,96	20,62
52,99	20,46
53,01	20,35
53,04	20,18
53,06	20,08
53,08	19,92
53,11	19,80
53,13	19,60
53,16	19,51
53,18	19,33
53,21	19,23
53,23	19,05
53,26	18,95
53,28	18,77
53,30	18,74
53,33	18,57
53,35	18,51
53,38	18,37
53,40	18,33
53,43	18,21
53,45	18,19
53,47	18,06
53,50	18,00
53,52	17,86
53,55	17,85
53,57	17,77
53,60	17,75
53,62	17,65
53,65	17,61
53,67	17,54
53,69	17,57
53,72	17,51
53,74	17,48
53,77	17,43
53,79	17,43
53,82	17,43
53,84	17,45
53,87	17,41
53,89	17,41
53,91	17,40
53,94	17,42
53,96	17,46
53,99	17,47
54,01	17,50
54,04	17,54
54,06	17,57
54,09	17,62
54,11	17,71
54,13	17,74
54,16	17,82
54,18	17,85
54,21	17,91
54,23	17,98
54,26	18,09
54,28	18,13
54,31	18,27
54,33	18,33
54,35	18,46
54,38	18,55
54,40	18,69
54,43	18,76
54,45	18,90
54,48	18,95
54,50	19,09
54,52	19,18
54,55	19,37
54,57	19,46
54,60	19,63
54,62	19,74
54,65	19,95
54,67	20,06
54,70	20,25
54,72	20,33
54,74	20,50
54,77	20,61
54,79	20,79
54,82	20,90
54,84	21,11
54,87	21,23
54,89	21,46
54,92	21,62
54,94	21,84
54,96	22,01
54,99	22,25
55,01	22,41
55,04	22,69
55,06	22,85
55,09	23,07
55,11	23,22
55,14	23,45
55,16	23,62
55,18	23,85
55,21	23,99
55,23	24,25
55,26	24,45
55,28	24,70
55,31	24,91
55,33	25,13
55,36	25,34
55,38	25,61
55,40	25,79
55,43	26,03
55,45	26,21
55,48	26,40
55,50	26,64
55,53	26,88
55,55	27,09
55,57	27,33
55,60	27,56
55,62	27,83
55,65	28,09
55,67	28,31
55,70	28,56
55,72	28,79
55,75	29,01
55,77	29,24
55,79	29,46
55,82	29,67
55,84	29,89
55,87	30,06
55,89	30,30
55,92	30,49
55,94	30,74
55,97	30,95
55,99	31,19
56,01	31,37
56,04	31,62
56,06	31,78
56,09	32,00
56,11	32,17
56,14	32,38
56,16	32,52
56,19	32,72
56,21	32,86
56,23	33,09
56,26	33,24
56,28	33,42
56,31	33,56
56,33	33,80
56,36	33,95
56,38	34,13
56,41	34,25
56,43	34,41
56,45	34,52
56,48	34,66
56,50	34,76
56,53	34,89
56,55	34,94
56,58	35,08
56,60	35,15
56,62	35,31
56,65	35,38
56,67	35,49
56,70	35,53
56,72	35,67
56,75	35,71
56,77	35,79
56,80	35,79
56,82	35,89
56,84	35,86
56,87	35,95
56,89	35,95
56,92	36,00
56,94	36,00
56,97	36,10
56,99	36,09
57,02	36,14
57,04	36,11
57,06	36,16
57,09	36,14
57,11	36,16
57,14	36,06
57,16	36,06
57,19	36,02
57,21	36,03
57,24	36,00
57,26	35,96
57,28	35,89
57,31	35,88
57,33	35,84
57,36	35,82
57,38	35,75
57,41	35,67
57,43	35,60
57,46	35,54
57,48	35,49
57,50	35,42
57,53	35,33
57,55	35,24
57,58	35,15
57,60	35,10
57,63	35,05
57,65	34,96
57,68	34,87
57,70	34,79
57,72	34,73
57,75	34,66
57,77	34,59
57,80	34,50
57,82	34,47
57,85	34,40
57,87	34,37
57,89	34,28
57,92	34,24
57,94	34,17
57,97	34,14
57,99	34,06
58,02	34,04
58,04	33,94
58,07	33,95
58,09	33,90
58,11	33,91
58,14	33,90
58,16	33,95
58,19	33,98
58,21	34,05
58,24	34,08
58,26	36,40
58,29	38,68
58,31	40,98
58,33	43,23
58,36	45,49
58,38	47,75
58,41	50,00
58,43	50,00
58,46	50,00
58,48	50,00
58,51	50,00
58,53	50,00
58,55	50,00
58,58	50,00
58,60	50,00
58,63	50,00
58,65	50,00
58,68	50,00
58,70	50,00
58,73	50,00
58,75	50,00
58,77	50,00
58,80	50,00
58,82	50,00
58,85	50,00
58,87	50,00
58,90	50,00
58,92	50,00
58,94	50,00
58,97	50,00
58,99	50,00
59,02	50,00
59,04	50,00
59,07	50,00
59,09	50,00
59,12	50,00
59,14	50,00
59,16	50,00
59,19	50,00
59,21	50,00
59,24	50,00
59,26	50,00
59,29	50,00
59,31	50,00
59,34	50,00
59,36	50,00
59,38	50,00
59,41	50,00
59,43	50,00
59,46	50,00
59,48	50,00
59,51	50,00
59,53	50,00
59,56	50,00
59,58	50,00
59,60	50,00
59,63	50,00
59,65	50,00
59,68	50,00
59,70	50,00
59,73	50,00
59,75	50,00
59,78	50,00
59,80	50,00
59,82	50,00
59,85	50,00
59,87	50,00
59,90	50,00
59,92	50,00
59,95	50,00
59,97	50,00
59,99	50,00
