Voltage U1	Corriente IA
U1/V	IA/nA

0,02	0,22
0,04	0,24
0,07	0,24
0,09	0,26
0,12	0,26
0,14	0,28
0,17	0,27
0,19	0,26
0,21	0,24
0,24	0,26
0,26	0,22
0,29	0,25
0,31	0,22
0,34	0,23
0,36	0,24
0,39	0,24
0,41	0,21
0,43	0,26
0,46	0,23
0,48	0,25
0,51	0,24
0,53	0,24
0,56	0,24
0,58	0,27
0,61	0,24
0,63	0,29
0,65	0,25
0,68	0,27
0,70	0,24
0,73	0,26
0,75	0,25
0,78	0,28
0,80	0,22
0,83	0,28
0,85	0,24
0,87	0,29
0,90	0,26
0,92	0,26
0,95	0,21
0,97	0,26
1,00	0,20
1,02	0,26
1,05	0,21
1,07	0,24
1,09	0,21
1,12	0,27
1,14	0,23
1,17	0,29
1,19	0,23
1,22	0,26
1,24	0,23
1,26	0,28
1,29	0,24
1,31	0,25
1,34	0,19
1,36	0,23
1,39	0,21
1,41	0,24
1,44	0,22
1,46	0,23
1,48	0,22
1,51	0,25
1,53	0,23
1,56	0,27
1,58	0,25
1,61	0,25
1,63	0,24
1,66	0,25
1,68	0,26
1,70	0,26
1,73	0,25
1,75	0,25
1,78	0,23
1,80	0,23
1,83	0,26
1,85	0,24
1,88	0,24
1,90	0,23
1,92	0,24
1,95	0,26
1,97	0,29
2,00	0,25
2,02	0,29
2,05	0,27
2,07	0,29
2,10	0,27
2,12	0,27
2,14	0,23
2,17	0,26
2,19	0,22
2,22	0,25
2,24	0,22
2,27	0,23
2,29	0,24
2,31	0,27
2,34	0,24
2,36	0,28
2,39	0,23
2,41	0,28
2,44	0,25
2,46	0,28
2,49	0,22
2,51	0,24
2,53	0,19
2,56	0,26
2,58	0,21
2,61	0,28
2,63	0,22
2,66	0,29
2,68	0,27
2,71	0,31
2,73	0,24
2,75	0,28
2,78	0,22
2,80	0,28
2,83	0,25
2,85	0,25
2,88	0,21
2,90	0,24
2,93	0,22
2,95	0,26
2,97	0,22
3,00	0,22
3,02	0,22
3,05	0,25
3,07	0,25
3,10	0,26
3,12	0,24
3,15	0,25
3,17	0,25
3,19	0,25
3,22	0,26
3,24	0,23
3,27	0,24
3,29	0,23
3,32	0,22
3,34	0,21
3,36	0,24
3,39	0,23
3,41	0,28
3,44	0,26
3,46	0,28
3,49	0,28
3,51	0,30
3,54	0,27
3,56	0,30
3,58	0,26
3,61	0,28
3,63	0,27
3,66	0,28
3,68	0,28
3,71	0,31
3,73	0,27
3,76	0,30
3,78	0,26
3,80	0,28
3,83	0,23
3,85	0,24
3,88	0,21
3,90	0,21
3,93	0,16
3,95	0,20
3,98	0,17
4,00	0,23
4,02	0,20
4,05	0,23
4,07	0,20
4,10	0,27
4,12	0,23
4,15	0,29
4,17	0,23
4,20	0,26
4,22	0,23
4,24	0,29
4,27	0,22
4,29	0,28
4,32	0,21
4,34	0,28
4,37	0,25
4,39	0,28
4,42	0,24
4,44	0,27
4,46	0,23
4,49	0,29
4,51	0,25
4,54	0,25
4,56	0,22
4,59	0,25
4,61	0,23
4,63	0,26
4,66	0,24
4,68	0,24
4,71	0,22
4,73	0,24
4,76	0,25
4,78	0,25
4,81	0,25
4,83	0,24
4,85	0,23
4,88	0,24
4,90	0,26
4,93	0,24
4,95	0,25
4,98	0,22
5,00	0,24
5,03	0,25
5,05	0,28
5,07	0,26
5,10	0,24
5,12	0,23
5,15	0,28
5,17	0,27
5,20	0,30
5,22	0,28
5,25	0,29
5,27	0,30
5,29	0,31
5,32	0,25
5,34	0,27
5,37	0,22
5,39	0,24
5,42	0,21
5,44	0,25
5,47	0,21
5,49	0,28
5,51	0,27
5,54	0,31
5,56	0,27
5,59	0,33
5,61	0,27
5,64	0,33
5,66	0,28
5,68	0,32
5,71	0,26
5,73	0,29
5,76	0,25
5,78	0,31
5,81	0,27
5,83	0,31
5,86	0,25
5,88	0,34
5,90	0,31
5,93	0,35
5,95	0,31
5,98	0,33
6,00	0,28
6,03	0,34
6,05	0,28
6,08	0,29
6,10	0,25
6,12	0,28
6,15	0,28
6,17	0,31
6,20	0,29
6,22	0,32
6,25	0,31
6,27	0,32
6,30	0,33
6,32	0,32
6,34	0,33
6,37	0,31
6,39	0,29
6,42	0,30
6,44	0,33
6,47	0,33
6,49	0,35
6,52	0,34
6,54	0,35
6,56	0,35
6,59	0,37
6,61	0,35
6,64	0,36
6,66	0,33
6,69	0,35
6,71	0,35
6,73	0,37
6,76	0,35
6,78	0,36
6,81	0,35
6,83	0,38
6,86	0,36
6,88	0,37
6,91	0,33
6,93	0,35
6,95	0,35
6,98	0,37
7,00	0,35
7,03	0,37
7,05	0,36
7,08	0,42
7,10	0,39
7,13	0,43
7,15	0,38
7,17	0,42
7,20	0,39
7,22	0,47
7,25	0,40
7,27	0,43
7,30	0,38
7,32	0,44
7,35	0,42
7,37	0,47
7,39	0,41
7,42	0,47
7,44	0,45
7,47	0,51
7,49	0,45
7,52	0,46
7,54	0,41
7,57	0,46
7,59	0,43
7,61	0,47
7,64	0,39
7,66	0,43
7,69	0,43
7,71	0,48
7,74	0,46
7,76	0,46
7,78	0,43
7,81	0,48
7,83	0,48
7,86	0,49
7,88	0,48
7,91	0,46
7,93	0,46
7,96	0,50
7,98	0,53
8,00	0,53
8,03	0,54
8,05	0,52
8,08	0,55
8,10	0,54
8,13	0,55
8,15	0,54
8,18	0,55
8,20	0,52
8,22	0,55
8,25	0,52
8,27	0,56
8,30	0,54
8,32	0,55
8,35	0,52
8,37	0,54
8,40	0,52
8,42	0,57
8,44	0,54
8,47	0,58
8,49	0,58
8,52	0,63
8,54	0,60
8,57	0,64
8,59	0,60
8,62	0,63
8,64	0,58
8,66	0,57
8,69	0,55
8,71	0,59
8,74	0,57
8,76	0,63
8,79	0,57
8,81	0,65
8,84	0,63
8,86	0,66
8,88	0,64
8,91	0,67
8,93	0,61
8,96	0,68
8,98	0,60
9,01	0,67
9,03	0,60
9,05	0,63
9,08	0,58
9,10	0,65
9,13	0,61
9,15	0,68
9,18	0,63
9,20	0,66
9,23	0,63
9,25	0,69
9,27	0,65
9,30	0,68
9,32	0,62
9,35	0,65
9,37	0,63
9,40	0,68
9,42	0,68
9,45	0,69
9,47	0,66
9,49	0,69
9,52	0,70
9,54	0,73
9,57	0,71
9,59	0,66
9,62	0,67
9,64	0,66
9,67	0,67
9,69	0,68
9,71	0,68
9,74	0,67
9,76	0,69
9,79	0,68
9,81	0,73
9,84	0,70
9,86	0,71
9,89	0,70
9,91	0,72
9,93	0,72
9,96	0,76
9,98	0,74
10,01	0,78
10,03	0,76
10,06	0,78
10,08	0,75
10,10	0,78
10,13	0,73
10,15	0,78
10,18	0,74
10,20	0,79
10,23	0,76
10,25	0,80
10,28	0,80
10,30	0,85
10,32	0,80
10,35	0,83
10,37	0,76
10,40	0,81
10,42	0,80
10,45	0,82
10,47	0,76
10,50	0,79
10,52	0,75
10,54	0,83
10,57	0,79
10,59	0,82
10,62	0,79
10,64	0,85
10,67	0,82
10,69	0,89
10,72	0,82
10,74	0,84
10,76	0,80
10,79	0,84
10,81	0,81
10,84	0,83
10,86	0,75
10,89	0,82
10,91	0,79
10,94	0,85
10,96	0,82
10,98	0,84
11,01	0,87
11,03	0,90
11,06	0,88
11,08	0,92
11,11	0,88
11,13	0,87
11,15	0,88
11,18	0,87
11,20	0,89
11,23	0,91
11,25	0,91
11,28	0,92
11,30	0,93
11,33	0,93
11,35	0,99
11,37	0,97
11,40	0,99
11,42	0,97
11,45	1,00
11,47	0,99
11,50	1,01
11,52	0,97
11,55	1,01
11,57	0,99
11,59	1,02
11,62	0,99
11,64	1,03
11,67	1,03
11,69	1,05
11,72	1,02
11,74	1,08
11,77	1,07
11,79	1,13
11,81	1,11
11,84	1,13
11,86	1,10
11,89	1,16
11,91	1,11
11,94	1,15
11,96	1,12
11,99	1,19
12,01	1,18
12,03	1,23
12,06	1,18
12,08	1,28
12,11	1,25
12,13	1,32
12,16	1,25
12,18	1,28
12,21	1,24
12,23	1,32
12,25	1,25
12,28	1,31
12,30	1,25
12,33	1,34
12,35	1,33
12,38	1,39
12,40	1,33
12,42	1,37
12,45	1,33
12,47	1,42
12,50	1,37
12,52	1,39
12,55	1,36
12,57	1,37
12,60	1,36
12,62	1,40
12,64	1,35
12,67	1,37
12,69	1,35
12,72	1,37
12,74	1,42
12,77	1,43
12,79	1,44
12,82	1,45
12,84	1,45
12,86	1,46
12,89	1,47
12,91	1,45
12,94	1,46
12,96	1,43
12,99	1,43
13,01	1,44
13,04	1,46
13,06	1,44
13,08	1,47
13,11	1,45
13,13	1,48
13,16	1,45
13,18	1,47
13,21	1,48
13,23	1,49
13,26	1,45
13,28	1,47
13,30	1,42
13,33	1,44
13,35	1,41
13,38	1,41
13,40	1,40
13,43	1,43
13,45	1,39
13,47	1,45
13,50	1,45
13,52	1,48
13,55	1,45
13,57	1,49
13,60	1,45
13,62	1,51
13,65	1,48
13,67	1,51
13,69	1,46
13,72	1,47
13,74	1,43
13,77	1,47
13,79	1,42
13,82	1,46
13,84	1,39
13,87	1,43
13,89	1,41
13,91	1,45
13,94	1,43
13,96	1,46
13,99	1,41
14,01	1,48
14,04	1,42
14,06	1,45
14,09	1,39
14,11	1,38
14,13	1,36
14,16	1,38
14,18	1,34
14,21	1,39
14,23	1,36
14,26	1,38
14,28	1,38
14,31	1,40
14,33	1,39
14,35	1,38
14,38	1,35
14,40	1,35
14,43	1,36
14,45	1,36
14,48	1,36
14,50	1,34
14,52	1,35
14,55	1,36
14,57	1,38
14,60	1,37
14,62	1,38
14,65	1,35
14,67	1,40
14,70	1,39
14,72	1,40
14,74	1,40
14,77	1,39
14,79	1,38
14,82	1,43
14,84	1,39
14,87	1,41
14,89	1,39
14,92	1,41
14,94	1,42
14,96	1,45
14,99	1,40
15,01	1,44
15,04	1,42
15,06	1,46
15,09	1,43
15,11	1,46
15,14	1,45
15,16	1,50
15,18	1,47
15,21	1,53
15,23	1,48
15,26	1,52
15,28	1,47
15,31	1,50
15,33	1,48
15,36	1,54
15,38	1,48
15,40	1,57
15,43	1,53
15,45	1,60
15,48	1,57
15,50	1,60
15,53	1,55
15,55	1,64
15,57	1,60
15,60	1,68
15,62	1,61
15,65	1,65
15,67	1,65
15,70	1,71
15,72	1,68
15,75	1,72
15,77	1,68
15,79	1,75
15,82	1,76
15,84	1,79
15,87	1,77
15,89	1,79
15,92	1,78
15,94	1,83
15,97	1,84
15,99	1,87
16,01	1,89
16,04	1,92
16,06	1,93
16,09	1,96
16,11	1,98
16,14	2,03
16,16	2,05
16,19	2,04
16,21	2,08
16,23	2,10
16,26	2,15
16,28	2,17
16,31	2,19
16,33	2,21
16,36	2,24
16,38	2,23
16,41	2,29
16,43	2,30
16,45	2,36
16,48	2,37
16,50	2,41
16,53	2,42
16,55	2,48
16,58	2,48
16,60	2,52
16,63	2,49
16,65	2,53
16,67	2,55
16,70	2,60
16,72	2,57
16,75	2,63
16,77	2,62
16,80	2,70
16,82	2,68
16,84	2,72
16,87	2,74
16,89	2,85
16,92	2,81
16,94	2,90
16,97	2,86
16,99	2,95
17,02	2,95
17,04	3,03
17,06	2,97
17,09	3,03
17,11	2,99
17,14	3,08
17,16	3,02
17,19	3,06
17,21	3,03
17,24	3,11
17,26	3,09
17,28	3,14
17,31	3,07
17,33	3,13
17,36	3,10
17,38	3,15
17,41	3,14
17,43	3,15
17,46	3,11
17,48	3,16
17,50	3,15
17,53	3,19
17,55	3,16
17,58	3,15
17,60	3,14
17,63	3,14
17,65	3,14
17,68	3,16
17,70	3,14
17,72	3,13
17,75	3,14
17,77	3,13
17,80	3,15
17,82	3,12
17,85	3,10
17,87	3,08
17,89	3,07
17,92	3,02
17,94	3,03
17,97	3,00
17,99	3,03
18,02	2,99
18,04	2,98
18,07	2,94
18,09	2,98
18,11	2,94
18,14	2,97
18,16	2,93
18,19	2,94
18,21	2,91
18,24	2,93
18,26	2,87
18,29	2,89
18,31	2,82
18,33	2,83
18,36	2,77
18,38	2,76
18,41	2,73
18,43	2,74
18,46	2,67
18,48	2,67
18,51	2,59
18,53	2,62
18,55	2,57
18,58	2,58
18,60	2,53
18,63	2,56
18,65	2,50
18,68	2,57
18,70	2,50
18,73	2,54
18,75	2,46
18,77	2,47
18,80	2,41
18,82	2,44
18,85	2,35
18,87	2,39
18,90	2,33
18,92	2,38
18,94	2,34
18,97	2,35
18,99	2,30
19,02	2,33
19,04	2,28
19,07	2,31
19,09	2,26
19,12	2,26
19,14	2,22
19,16	2,23
19,19	2,21
19,21	2,22
19,24	2,18
19,26	2,18
19,29	2,14
19,31	2,14
19,34	2,17
19,36	2,16
19,38	2,17
19,41	2,17
19,43	2,16
19,46	2,18
19,48	2,20
19,51	2,17
19,53	2,19
19,56	2,16
19,58	2,17
19,60	2,18
19,63	2,20
19,65	2,19
19,68	2,24
19,70	2,20
19,73	2,25
19,75	2,24
19,78	2,28
19,80	2,28
19,82	2,29
19,85	2,26
19,87	2,32
19,90	2,29
19,92	2,33
19,95	2,28
19,97	2,32
19,99	2,32
20,02	2,34
20,04	2,32
20,07	2,38
20,09	2,37
20,12	2,46
20,14	2,44
20,17	2,49
20,19	2,49
20,21	2,57
20,24	2,55
20,26	2,63
20,29	2,57
20,31	2,64
20,34	2,66
20,36	2,74
20,39	2,73
20,41	2,79
20,43	2,77
20,46	2,88
20,48	2,87
20,51	2,93
20,53	2,90
20,56	2,94
20,58	2,94
20,61	3,03
20,63	3,03
20,65	3,09
20,68	3,08
20,70	3,14
20,73	3,18
20,75	3,26
20,78	3,28
20,80	3,35
20,83	3,37
20,85	3,43
20,87	3,49
20,90	3,54
20,92	3,57
20,95	3,60
20,97	3,62
21,00	3,67
21,02	3,74
21,05	3,78
21,07	3,86
21,09	3,89
21,12	3,96
21,14	4,02
21,17	4,10
21,19	4,15
21,22	4,23
21,24	4,23
21,26	4,31
21,29	4,32
21,31	4,41
21,34	4,43
21,36	4,50
21,39	4,50
21,41	4,60
21,44	4,63
21,46	4,74
21,48	4,74
21,51	4,82
21,53	4,86
21,56	4,97
21,58	4,98
21,61	5,05
21,63	5,07
21,66	5,18
21,68	5,20
21,70	5,26
21,73	5,25
21,75	5,34
21,78	5,33
21,80	5,43
21,83	5,40
21,85	5,46
21,88	5,44
21,90	5,53
21,92	5,54
21,95	5,62
21,97	5,58
22,00	5,66
22,02	5,65
22,05	5,73
22,07	5,68
22,10	5,71
22,12	5,67
22,14	5,73
22,17	5,72
22,19	5,76
22,22	5,72
22,24	5,74
22,27	5,74
22,29	5,78
22,31	5,74
22,34	5,75
22,36	5,68
22,39	5,69
22,41	5,67
22,44	5,66
22,46	5,61
22,49	5,57
22,51	5,52
22,53	5,55
22,56	5,54
22,58	5,51
22,61	5,47
22,63	5,39
22,66	5,37
22,68	5,34
22,71	5,28
22,73	5,23
22,75	5,17
22,78	5,11
22,80	5,11
22,83	5,04
22,85	5,02
22,88	4,96
22,90	4,91
22,93	4,86
22,95	4,82
22,97	4,74
23,00	4,74
23,02	4,65
23,05	4,63
23,07	4,57
23,10	4,54
23,12	4,47
23,15	4,44
23,17	4,34
23,19	4,33
23,22	4,23
23,24	4,18
23,27	4,12
23,29	4,10
23,32	4,04
23,34	4,03
23,36	3,94
23,39	3,95
23,41	3,88
23,44	3,86
23,46	3,79
23,49	3,77
23,51	3,67
23,54	3,66
23,56	3,56
23,58	3,58
23,61	3,50
23,63	3,51
23,66	3,43
23,68	3,46
23,71	3,41
23,73	3,46
23,76	3,38
23,78	3,38
23,80	3,32
23,83	3,35
23,85	3,29
23,88	3,29
23,90	3,19
23,93	3,21
23,95	3,16
23,98	3,20
24,00	3,17
24,02	3,16
24,05	3,13
24,07	3,14
24,10	3,13
24,12	3,17
24,15	3,14
24,17	3,11
24,20	3,10
24,22	3,10
24,24	3,12
24,27	3,12
24,29	3,10
24,32	3,10
24,34	3,11
24,37	3,12
24,39	3,18
24,42	3,17
24,44	3,19
24,46	3,21
24,49	3,25
24,51	3,22
24,54	3,26
24,56	3,25
24,59	3,29
24,61	3,31
24,63	3,34
24,66	3,36
24,68	3,45
24,71	3,46
24,73	3,51
24,76	3,54
24,78	3,57
24,81	3,59
24,83	3,63
24,85	3,64
24,88	3,69
24,90	3,71
24,93	3,78
24,95	3,79
24,98	3,87
25,00	3,91
25,03	4,00
25,05	4,02
25,07	4,08
25,10	4,07
25,12	4,18
25,15	4,17
25,17	4,24
25,20	4,26
25,22	4,34
25,25	4,37
25,27	4,49
25,29	4,50
25,32	4,61
25,34	4,62
25,37	4,72
25,39	4,76
25,42	4,84
25,44	4,84
25,47	4,93
25,49	4,95
25,51	5,07
25,54	5,11
25,56	5,18
25,59	5,25
25,61	5,35
25,64	5,42
25,66	5,55
25,68	5,60
25,71	5,66
25,73	5,74
25,76	5,81
25,78	5,90
25,81	5,97
25,83	6,03
25,86	6,10
25,88	6,19
25,90	6,27
25,93	6,40
25,95	6,47
25,98	6,59
26,00	6,64
26,03	6,75
26,05	6,83
26,08	6,96
26,10	7,00
26,12	7,13
26,15	7,15
26,17	7,27
26,20	7,33
26,22	7,46
26,25	7,50
26,27	7,62
26,30	7,65
26,32	7,82
26,34	7,87
26,37	7,98
26,39	8,02
26,42	8,11
26,44	8,17
26,47	8,28
26,49	8,29
26,52	8,38
26,54	8,42
26,56	8,51
26,59	8,55
26,61	8,61
26,64	8,62
26,66	8,75
26,69	8,78
26,71	8,87
26,73	8,88
26,76	8,93
26,78	8,95
26,81	9,04
26,83	8,99
26,86	9,06
26,88	9,02
26,91	9,10
26,93	9,10
26,95	9,16
26,98	9,11
27,00	9,15
27,03	9,11
27,05	9,20
27,08	9,14
27,10	9,14
27,13	9,08
27,15	9,07
27,17	9,01
27,20	9,01
27,22	8,91
27,25	8,89
27,27	8,81
27,30	8,78
27,32	8,75
27,35	8,72
27,37	8,63
27,39	8,58
27,42	8,50
27,44	8,45
27,47	8,38
27,49	8,28
27,52	8,20
27,54	8,12
27,57	8,04
27,59	7,96
27,61	7,88
27,64	7,78
27,66	7,72
27,69	7,61
27,71	7,52
27,74	7,41
27,76	7,31
27,78	7,24
27,81	7,16
27,83	7,03
27,86	6,96
27,88	6,86
27,91	6,78
27,93	6,69
27,96	6,61
27,98	6,50
28,00	6,44
28,03	6,32
28,05	6,25
28,08	6,13
28,10	6,06
28,13	5,93
28,15	5,86
28,18	5,74
28,20	5,69
28,22	5,58
28,25	5,56
28,27	5,44
28,30	5,39
28,32	5,30
28,35	5,27
28,37	5,18
28,40	5,16
28,42	5,03
28,44	5,03
28,47	4,95
28,49	4,94
28,52	4,87
28,54	4,86
28,57	4,75
28,59	4,79
28,62	4,69
28,64	4,70
28,66	4,60
28,69	4,57
28,71	4,51
28,74	4,53
28,76	4,44
28,79	4,46
28,81	4,38
28,84	4,40
28,86	4,39
28,88	4,41
28,91	4,37
28,93	4,38
28,96	4,36
28,98	4,37
29,01	4,39
29,03	4,39
29,05	4,39
29,08	4,37
29,10	4,38
29,13	4,40
29,15	4,45
29,18	4,47
29,20	4,51
29,23	4,50
29,25	4,58
29,27	4,58
29,30	4,63
29,32	4,65
29,35	4,66
29,37	4,66
29,40	4,71
29,42	4,71
29,45	4,79
29,47	4,79
29,49	4,87
29,52	4,91
29,54	5,01
29,57	5,06
29,59	5,16
29,62	5,19
29,64	5,28
29,67	5,30
29,69	5,39
29,71	5,41
29,74	5,50
29,76	5,49
29,79	5,61
29,81	5,62
29,84	5,73
29,86	5,76
29,89	5,90
29,91	5,94
29,93	6,09
29,96	6,10
29,98	6,26
30,01	6,28
30,03	6,43
30,06	6,44
30,08	6,56
30,10	6,58
30,13	6,73
30,15	6,76
30,18	6,91
30,20	6,91
30,23	7,05
30,25	7,11
30,28	7,27
30,30	7,33
30,32	7,45
30,35	7,49
30,37	7,63
30,40	7,70
30,42	7,84
30,45	7,91
30,47	8,03
30,50	8,10
30,52	8,25
30,54	8,37
30,57	8,51
30,59	8,61
30,62	8,72
30,64	8,84
30,67	8,95
30,69	9,07
30,72	9,20
30,74	9,31
30,76	9,39
30,79	9,51
30,81	9,62
30,84	9,78
30,86	9,89
30,89	10,02
30,91	10,13
30,94	10,27
30,96	10,38
30,98	10,56
31,01	10,64
31,03	10,78
31,06	10,85
31,08	10,99
31,11	11,10
31,13	11,27
31,15	11,32
31,18	11,47
31,20	11,55
31,23	11,72
31,25	11,82
31,28	11,93
31,30	12,00
31,33	12,16
31,35	12,23
31,37	12,35
31,40	12,40
31,42	12,51
31,45	12,59
31,47	12,72
31,50	12,74
31,52	12,85
31,55	12,90
31,57	13,05
31,59	13,07
31,62	13,19
31,64	13,18
31,67	13,26
31,69	13,28
31,72	13,40
31,74	13,36
31,77	13,43
31,79	13,38
31,81	13,45
31,84	13,42
31,86	13,46
31,89	13,37
31,91	13,40
31,94	13,32
31,96	13,37
31,99	13,31
32,01	13,28
32,03	13,20
32,06	13,20
32,08	13,14
32,11	13,15
32,13	13,06
32,16	12,99
32,18	12,91
32,20	12,85
32,23	12,76
32,25	12,67
32,28	12,53
32,30	12,42
32,33	12,29
32,35	12,19
32,38	12,08
32,40	11,94
32,42	11,83
32,45	11,71
32,47	11,60
32,50	11,49
32,52	11,38
32,55	11,24
32,57	11,11
32,60	10,95
32,62	10,80
32,64	10,65
32,67	10,50
32,69	10,34
32,72	10,21
32,74	10,06
32,77	9,95
32,79	9,80
32,82	9,70
32,84	9,57
32,86	9,46
32,89	9,30
32,91	9,20
32,94	9,01
32,96	8,90
32,99	8,73
33,01	8,64
33,04	8,47
33,06	8,36
33,08	8,16
33,11	8,14
33,13	7,98
33,16	7,93
33,18	7,76
33,21	7,70
33,23	7,57
33,26	7,56
33,28	7,38
33,30	7,36
33,33	7,17
33,35	7,14
33,38	7,01
33,40	7,00
33,43	6,85
33,45	6,85
33,47	6,73
33,50	6,76
33,52	6,66
33,55	6,64
33,57	6,55
33,60	6,55
33,62	6,44
33,65	6,46
33,67	6,36
33,69	6,35
33,72	6,30
33,74	6,29
33,77	6,27
33,79	6,30
33,82	6,25
33,84	6,25
33,87	6,22
33,89	6,23
33,91	6,27
33,94	6,29
33,96	6,30
33,99	6,29
34,01	6,32
34,04	6,35
34,06	6,40
34,09	6,40
34,11	6,45
34,13	6,45
34,16	6,51
34,18	6,54
34,21	6,62
34,23	6,64
34,26	6,70
34,28	6,71
34,31	6,82
34,33	6,86
34,35	6,97
34,38	7,00
34,40	7,11
34,43	7,15
34,45	7,27
34,48	7,29
34,50	7,42
34,52	7,43
34,55	7,54
34,57	7,56
34,60	7,67
34,62	7,68
34,65	7,84
34,67	7,86
34,70	8,04
34,72	8,07
34,74	8,22
34,77	8,27
34,79	8,47
34,82	8,51
34,84	8,70
34,87	8,68
34,89	8,86
34,92	8,93
34,94	9,13
34,96	9,17
34,99	9,33
35,01	9,37
35,04	9,61
35,06	9,69
35,09	9,88
35,11	9,92
35,14	10,08
35,16	10,15
35,18	10,36
35,21	10,41
35,23	10,57
35,26	10,62
35,28	10,79
35,31	10,91
35,33	11,10
35,36	11,19
35,38	11,38
35,40	11,48
35,43	11,65
35,45	11,81
35,48	11,98
35,50	12,12
35,53	12,28
35,55	12,37
35,57	12,53
35,60	12,71
35,62	12,83
35,65	12,99
35,67	13,09
35,70	13,25
35,72	13,41
35,75	13,60
35,77	13,74
35,79	13,92
35,82	14,02
35,84	14,22
35,87	14,34
35,89	14,53
35,92	14,65
35,94	14,80
35,97	14,91
35,99	15,11
36,01	15,21
36,04	15,40
36,06	15,49
36,09	15,66
36,11	15,79
36,14	15,99
36,16	16,11
36,19	16,28
36,21	16,39
36,23	16,56
36,26	16,65
36,28	16,78
36,31	16,84
36,33	16,95
36,36	17,01
36,38	17,19
36,41	17,25
36,43	17,36
36,45	17,42
36,48	17,56
36,50	17,63
36,53	17,75
36,55	17,73
36,58	17,85
36,60	17,87
36,62	17,97
36,65	17,94
36,67	17,99
36,70	17,97
36,72	18,04
36,75	18,00
36,77	18,04
36,80	18,00
36,82	18,03
36,84	18,00
36,87	18,01
36,89	17,94
36,92	17,93
36,94	17,84
36,97	17,80
36,99	17,72
37,02	17,65
37,04	17,56
37,06	17,47
37,09	17,37
37,11	17,30
37,14	17,21
37,16	17,11
37,19	16,98
37,21	16,84
37,24	16,72
37,26	16,57
37,28	16,43
37,31	16,30
37,33	16,15
37,36	15,99
37,38	15,86
37,41	15,69
37,43	15,56
37,46	15,38
37,48	15,20
37,50	15,03
37,53	14,84
37,55	14,64
37,58	14,48
37,60	14,27
37,63	14,12
37,65	13,94
37,68	13,77
37,70	13,60
37,72	13,44
37,75	13,23
37,77	13,09
37,80	12,88
37,82	12,71
37,85	12,52
37,87	12,35
37,89	12,17
37,92	12,04
37,94	11,83
37,97	11,72
37,99	11,51
38,02	11,40
38,04	11,24
38,07	11,12
38,09	10,92
38,11	10,84
38,14	10,63
38,16	10,56
38,19	10,38
38,21	10,27
38,24	10,09
38,26	10,02
38,29	9,84
38,31	9,80
38,33	9,64
38,36	9,56
38,38	9,43
38,41	9,40
38,43	9,29
38,46	9,25
38,48	9,11
38,51	9,07
38,53	8,99
38,55	8,98
38,58	8,91
38,60	8,87
38,63	8,80
38,65	8,80
38,68	8,77
38,70	8,79
38,73	8,76
38,75	8,72
38,77	8,70
38,80	8,70
38,82	8,71
38,85	8,71
38,87	8,71
38,90	8,71
38,92	8,73
38,94	8,75
38,97	8,83
38,99	8,84
39,02	8,90
39,04	8,91
39,07	8,97
39,09	9,00
39,12	9,09
39,14	9,10
39,16	9,18
39,19	9,22
39,21	9,31
39,24	9,38
39,26	9,51
39,29	9,54
39,31	9,66
39,34	9,72
39,36	9,84
39,38	9,89
39,41	10,00
39,43	10,05
39,46	10,17
39,48	10,22
39,51	10,35
39,53	10,39
39,56	10,54
39,58	10,62
39,60	10,77
39,63	10,87
39,65	11,03
39,68	11,11
39,70	11,31
39,73	11,39
39,75	11,55
39,78	11,65
39,80	11,80
39,82	11,89
39,85	12,07
39,87	12,16
39,90	12,35
39,92	12,46
39,95	12,65
39,97	12,78
39,99	12,97
40,02	13,08
40,04	13,25
40,07	13,36
40,09	13,54
40,12	13,66
40,14	13,82
40,17	13,96
40,19	14,13
40,21	14,26
40,24	14,47
40,26	14,60
40,29	14,77
40,31	14,92
40,34	15,09
40,36	15,29
40,39	15,47
40,41	15,65
40,43	15,82
40,46	15,97
40,48	16,14
40,51	16,37
40,53	16,53
40,56	16,73
40,58	16,87
40,61	17,10
40,63	17,29
40,65	17,53
40,68	17,67
40,70	17,92
40,73	18,09
40,75	18,32
40,78	18,48
40,80	18,70
40,83	18,84
40,85	19,05
40,87	19,16
40,90	19,38
40,92	19,51
40,95	19,73
40,97	19,88
41,00	20,07
41,02	20,20
41,05	20,42
41,07	20,55
41,09	20,76
41,12	20,85
41,14	21,02
41,17	21,16
41,19	21,34
41,22	21,43
41,24	21,60
41,26	21,67
41,29	21,88
41,31	21,96
41,34	22,10
41,36	22,17
41,39	22,34
41,41	22,38
41,44	22,55
41,46	22,57
41,48	22,69
41,51	22,75
41,53	22,84
41,56	22,84
41,58	22,94
41,61	22,93
41,63	23,06
41,66	23,06
41,68	23,12
41,70	23,10
41,73	23,10
41,75	23,07
41,78	23,10
41,80	23,04
41,83	23,04
41,85	22,96
41,88	22,93
41,90	22,92
41,92	22,89
41,95	22,79
41,97	22,72
42,00	22,61
42,02	22,54
42,05	22,44
42,07	22,33
42,10	22,20
42,12	22,07
42,14	21,93
42,17	21,83
42,19	21,71
42,22	21,57
42,24	21,41
42,27	21,25
42,29	21,10
42,31	20,95
42,34	20,76
42,36	20,61
42,39	20,44
42,41	20,25
42,44	20,07
42,46	19,84
42,49	19,64
42,51	19,44
42,53	19,26
42,56	19,06
42,58	18,88
42,61	18,67
42,63	18,53
42,66	18,35
42,68	18,16
42,71	17,92
42,73	17,73
42,75	17,51
42,78	17,35
42,80	17,12
42,83	16,95
42,85	16,70
42,88	16,54
42,90	16,31
42,93	16,16
42,95	15,94
42,97	15,81
43,00	15,58
43,02	15,48
43,05	15,26
43,07	15,13
43,10	14,93
43,12	14,79
43,15	14,55
43,17	14,44
43,19	14,21
43,22	14,13
43,24	13,93
43,27	13,81
43,29	13,64
43,32	13,58
43,34	13,42
43,36	13,37
43,39	13,19
43,41	13,10
43,44	13,00
43,46	12,94
43,49	12,83
43,51	12,76
43,54	12,65
43,56	12,62
43,58	12,56
43,61	12,52
43,63	12,46
43,66	12,38
43,68	12,32
43,71	12,29
43,73	12,28
43,76	12,25
43,78	12,24
43,80	12,20
43,83	12,25
43,85	12,24
43,88	12,28
43,90	12,28
43,93	12,29
43,95	12,29
43,98	12,32
44,00	12,30
44,02	12,38
44,05	12,36
44,07	12,41
44,10	12,46
44,12	12,54
44,15	12,61
44,17	12,73
44,20	12,76
44,22	12,89
44,24	12,96
44,27	13,05
44,29	13,09
44,32	13,19
44,34	13,22
44,37	13,36
44,39	13,40
44,41	13,54
44,44	13,62
44,46	13,76
44,49	13,86
44,51	14,05
44,54	14,12
44,56	14,33
44,59	14,41
44,61	14,56
44,63	14,68
44,66	14,83
44,68	14,89
44,71	15,07
44,73	15,16
44,76	15,34
44,78	15,46
44,81	15,64
44,83	15,78
44,85	16,00
44,88	16,15
44,90	16,35
44,93	16,49
44,95	16,69
44,98	16,83
45,00	17,01
45,03	17,16
45,05	17,35
45,07	17,48
45,10	17,69
45,12	17,87
45,15	18,09
45,17	18,30
45,20	18,50
45,22	18,72
45,25	18,94
45,27	19,16
45,29	19,38
45,32	19,57
45,34	19,73
45,37	19,93
45,39	20,08
45,42	20,28
45,44	20,46
45,47	20,67
45,49	20,87
45,51	21,10
45,54	21,31
45,56	21,60
45,59	21,81
45,61	22,08
45,64	22,27
45,66	22,51
45,68	22,70
45,71	22,95
45,73	23,09
45,76	23,32
45,78	23,43
45,81	23,67
45,83	23,84
45,86	24,06
45,88	24,25
45,90	24,50
45,93	24,69
45,95	24,97
45,98	25,14
46,00	25,35
46,03	25,53
46,05	25,73
46,08	25,89
46,10	26,09
46,12	26,20
46,15	26,40
46,17	26,55
46,20	26,76
46,22	26,87
46,25	27,02
46,27	27,16
46,30	27,38
46,32	27,50
46,34	27,69
46,37	27,78
46,39	27,93
46,42	28,04
46,44	28,18
46,47	28,20
46,49	28,31
46,52	28,34
46,54	28,48
46,56	28,58
46,59	28,69
46,61	28,71
46,64	28,80
46,66	28,81
46,69	28,91
46,71	28,91
46,73	28,91
46,76	28,88
46,78	28,93
46,81	28,93
46,83	28,96
46,86	28,90
46,88	28,87
46,91	28,85
46,93	28,83
46,95	28,79
46,98	28,71
47,00	28,64
47,03	28,57
47,05	28,51
47,08	28,43
47,10	28,36
47,13	28,26
47,15	28,22
47,17	28,11
47,20	28,02
47,22	27,88
47,25	27,79
47,27	27,63
47,30	27,52
47,32	27,32
47,35	27,19
47,37	27,00
47,39	26,86
47,42	26,70
47,44	26,57
47,47	26,38
47,49	26,22
47,52	26,01
47,54	25,85
47,57	25,64
47,59	25,44
47,61	25,19
47,64	24,98
47,66	24,74
47,69	24,59
47,71	24,37
47,74	24,19
47,76	23,96
47,78	23,83
47,81	23,60
47,83	23,50
47,86	23,26
47,88	23,12
47,91	22,88
47,93	22,72
47,96	22,44
47,98	22,30
48,00	22,01
48,03	21,85
48,05	21,57
48,08	21,44
48,10	21,21
48,13	21,09
48,15	20,86
48,18	20,73
48,20	20,52
48,22	20,43
48,25	20,21
48,27	20,06
48,30	19,84
48,32	19,70
48,35	19,52
48,37	19,40
48,40	19,22
48,42	19,10
48,44	18,96
48,47	18,88
48,49	18,81
48,52	18,72
48,54	18,62
48,57	18,52
48,59	18,43
48,62	18,37
48,64	18,30
48,66	18,21
48,69	18,16
48,71	18,07
48,74	18,02
48,76	17,98
48,79	17,95
48,81	17,91
48,84	17,89
48,86	17,85
48,88	17,87
48,91	17,86
48,93	17,86
48,96	17,85
48,98	17,86
49,01	17,87
49,03	17,91
49,05	17,92
49,08	18,00
49,10	18,05
49,13	18,14
49,15	18,18
49,18	18,25
49,20	18,28
49,23	18,37
49,25	18,42
49,27	18,54
49,30	18,57
49,32	18,72
49,35	18,79
49,37	18,93
49,40	18,99
49,42	19,15
49,45	19,22
49,47	19,39
49,49	19,44
49,52	19,58
49,54	19,69
49,57	19,87
49,59	19,94
49,62	20,12
49,64	20,22
49,67	20,40
49,69	20,54
49,71	20,74
49,74	20,91
49,76	21,13
49,79	21,28
49,81	21,50
49,84	21,64
49,86	21,85
49,89	22,00
49,91	22,18
49,93	22,31
49,96	22,52
49,98	22,68
50,01	22,92
50,03	23,08
50,06	23,32
50,08	23,52
50,10	23,80
50,13	24,01
50,15	24,27
50,18	24,48
50,20	24,71
50,23	24,88
50,25	25,11
50,28	25,29
50,30	25,51
50,32	25,70
50,35	25,96
50,37	26,19
50,40	26,46
50,42	26,72
50,45	26,97
50,47	27,24
50,50	27,51
50,52	27,77
50,54	28,03
50,57	28,30
50,59	28,50
50,62	28,76
50,64	28,98
50,67	29,26
50,69	29,49
50,72	29,77
50,74	30,02
50,76	30,31
50,79	30,56
50,81	30,88
50,84	31,10
50,86	31,41
50,89	31,62
50,91	31,88
50,94	32,08
50,96	32,31
50,98	32,47
51,01	32,73
51,03	32,87
51,06	33,15
51,08	33,35
51,11	33,60
51,13	33,83
51,15	34,11
51,18	34,29
51,20	34,58
51,23	34,78
51,25	34,99
51,28	35,17
51,30	35,35
51,33	35,50
51,35	35,68
51,37	35,78
51,40	35,97
51,42	36,11
51,45	36,33
51,47	36,47
51,50	36,62
51,52	36,75
51,55	36,97
51,57	37,09
51,59	37,26
51,62	37,33
51,64	37,47
51,67	37,55
51,69	37,69
51,72	37,69
51,74	37,76
51,77	37,79
51,79	37,90
51,81	37,96
51,84	38,03
51,86	38,03
51,89	38,12
51,91	38,16
51,94	38,24
51,96	38,24
51,99	38,27
52,01	38,25
52,03	38,27
52,06	38,25
52,08	38,22
52,11	38,17
52,13	38,10
52,16	38,01
52,18	37,96
52,20	37,90
52,23	37,82
52,25	37,75
52,28	37,68
52,30	37,63
52,33	37,57
52,35	37,53
52,38	37,43
52,40	37,37
52,42	37,25
52,45	37,16
52,47	37,02
52,50	36,91
52,52	36,74
52,55	36,65
52,57	36,49
52,60	36,37
52,62	36,17
52,64	36,05
52,67	35,91
52,69	35,80
52,72	35,60
52,74	35,48
52,77	35,27
52,79	35,15
52,82	34,96
52,84	34,81
52,86	34,60
52,89	34,43
52,91	34,22
52,94	34,10
52,96	33,91
52,99	33,81
53,01	33,59
53,04	33,46
53,06	33,29
53,08	33,20
53,11	33,00
53,13	32,92
53,16	32,65
53,18	32,54
53,21	32,33
53,23	32,22
53,26	32,01
53,28	31,93
53,30	31,71
53,33	31,65
53,35	31,49
53,38	31,44
53,40	31,27
53,43	31,17
53,45	30,99
53,47	30,95
53,50	30,77
53,52	30,66
53,55	30,49
53,57	30,40
53,60	30,28
53,62	30,24
53,65	30,10
53,67	30,05
53,69	29,96
53,72	29,92
53,74	29,89
53,77	29,85
53,79	29,78
53,82	29,75
53,84	29,74
53,87	29,72
53,89	29,74
53,91	29,72
53,94	29,72
53,96	29,72
53,99	29,74
54,01	29,76
54,04	29,79
54,06	29,77
54,09	29,81
54,11	29,82
54,13	29,89
54,16	29,92
54,18	30,02
54,21	30,07
54,23	30,20
54,26	30,28
54,28	30,42
54,31	30,49
54,33	30,64
54,35	30,71
54,38	30,84
54,40	30,91
54,43	31,03
54,45	31,13
54,48	31,33
54,50	31,42
54,52	31,61
54,55	31,79
54,57	32,01
54,60	32,19
54,62	32,40
54,65	32,54
54,67	32,81
54,70	32,98
54,72	33,17
54,74	33,34
54,77	33,56
54,79	33,77
54,82	34,02
54,84	34,20
54,87	34,50
54,89	34,75
54,92	35,06
54,94	35,33
54,96	35,66
54,99	35,95
55,01	36,30
55,04	36,60
55,06	36,96
55,09	37,21
55,11	37,52
55,14	37,78
55,16	38,11
55,18	38,40
55,21	38,75
55,23	39,10
55,26	39,55
55,28	40,01
55,31	40,51
55,33	41,01
55,36	41,61
55,38	43,04
55,40	44,40
55,43	45,71
55,45	46,91
55,48	48,05
55,50	49,09
55,53	50,00
55,55	50,00
55,57	50,00
55,60	50,00
55,62	50,00
55,65	50,00
55,67	50,00
55,70	50,00
55,72	50,00
55,75	50,00
55,77	50,00
55,79	50,00
55,82	50,00
55,84	50,00
55,87	50,00
55,89	50,00
55,92	50,00
55,94	50,00
55,97	50,00
55,99	50,00
56,01	50,00
56,04	50,00
56,06	50,00
56,09	50,00
56,11	50,00
56,14	50,00
56,16	50,00
56,19	50,00
56,21	50,00
56,23	50,00
56,26	50,00
56,28	50,00
56,31	50,00
56,33	50,00
56,36	50,00
56,38	50,00
56,41	50,00
56,43	50,00
56,45	50,00
56,48	50,00
56,50	50,00
56,53	50,00
56,55	50,00
56,58	50,00
56,60	50,00
56,62	50,00
56,65	50,00
56,67	50,00
56,70	50,00
56,72	50,00
56,75	50,00
56,77	50,00
56,80	50,00
56,82	50,00
56,84	50,00
56,87	50,00
56,89	50,00
56,92	50,00
56,94	50,00
56,97	50,00
56,99	50,00
57,02	50,00
57,04	50,00
57,06	50,00
57,09	50,00
57,11	50,00
57,14	50,00
57,16	50,00
57,19	50,00
57,21	50,00
57,24	50,00
57,26	50,00
57,28	50,00
57,31	50,00
57,33	50,00
57,36	50,00
57,38	50,00
57,41	50,00
57,43	50,00
57,46	50,00
57,48	50,00
57,50	50,00
57,53	50,00
57,55	50,00
57,58	50,00
57,60	50,00
57,63	50,00
57,65	50,00
57,68	50,00
57,70	50,00
57,72	50,00
57,75	50,00
57,77	50,00
57,80	50,00
57,82	50,00
57,85	50,00
57,87	50,00
57,89	50,00
57,92	50,00
57,94	50,00
57,97	50,00
57,99	50,00
58,02	50,00
58,04	50,00
58,07	50,00
58,09	50,00
58,11	50,00
58,14	50,00
58,16	50,00
58,19	50,00
58,21	50,00
58,24	50,00
58,26	50,00
58,29	50,00
58,31	50,00
58,33	50,00
58,36	50,00
58,38	50,00
58,41	50,00
58,43	50,00
58,46	50,00
58,48	50,00
58,51	50,00
58,53	50,00
58,55	50,00
58,58	50,00
58,60	50,00
58,63	50,00
58,65	50,00
58,68	50,00
58,70	50,00
58,73	50,00
58,75	50,00
58,77	50,00
58,80	50,00
58,82	50,00
58,85	50,00
58,87	50,00
58,90	50,00
58,92	50,00
58,94	50,00
58,97	50,00
58,99	50,00
59,02	50,00
59,04	50,00
59,07	50,00
59,09	50,00
59,12	50,00
59,14	50,00
59,16	50,00
59,19	50,00
59,21	50,00
59,24	50,00
59,26	50,00
59,29	50,00
59,31	50,00
59,34	50,00
59,36	50,00
59,38	50,00
59,41	50,00
59,43	50,00
59,46	50,00
59,48	50,00
59,51	50,00
59,53	50,00
59,56	50,00
59,58	50,00
59,60	50,00
59,63	50,00
59,65	50,00
59,68	50,00
59,70	50,00
59,73	50,00
59,75	50,00
59,78	50,00
59,80	50,00
59,82	50,00
59,85	50,00
59,87	50,00
59,90	50,00
59,92	50,00
59,95	50,00
59,97	50,00
59,99	50,00
