Voltage U1	Corriente IA
U1/V	IA/nA

0,02	0,26
0,04	0,26
0,07	0,30
0,09	0,29
0,12	0,32
0,14	0,31
0,17	0,35
0,19	0,33
0,21	0,37
0,24	0,33
0,26	0,37
0,29	0,33
0,31	0,37
0,34	0,32
0,36	0,37
0,39	0,32
0,41	0,36
0,43	0,30
0,46	0,33
0,48	0,29
0,51	0,36
0,53	0,31
0,56	0,36
0,58	0,30
0,61	0,39
0,63	0,35
0,65	0,39
0,68	0,31
0,70	0,32
0,73	0,27
0,75	0,35
0,78	0,28
0,80	0,31
0,83	0,25
0,85	0,28
0,87	0,27
0,90	0,31
0,92	0,28
0,95	0,30
0,97	0,27
1,00	0,30
1,02	0,31
1,05	0,34
1,07	0,32
1,09	0,32
1,12	0,29
1,14	0,30
1,17	0,31
1,19	0,30
1,22	0,32
1,24	0,29
1,26	0,30
1,29	0,30
1,31	0,32
1,34	0,32
1,36	0,35
1,39	0,30
1,41	0,33
1,44	0,30
1,46	0,33
1,48	0,31
1,51	0,34
1,53	0,29
1,56	0,30
1,58	0,29
1,61	0,33
1,63	0,29
1,66	0,31
1,68	0,29
1,70	0,33
1,73	0,31
1,75	0,34
1,78	0,32
1,80	0,36
1,83	0,34
1,85	0,34
1,88	0,30
1,90	0,32
1,92	0,28
1,95	0,35
1,97	0,28
2,00	0,30
2,02	0,25
2,05	0,32
2,07	0,31
2,10	0,36
2,12	0,27
2,14	0,34
2,17	0,28
2,19	0,36
2,22	0,29
2,24	0,31
2,27	0,25
2,29	0,33
2,31	0,28
2,34	0,36
2,36	0,28
2,39	0,30
2,41	0,29
2,44	0,35
2,46	0,30
2,49	0,31
2,51	0,24
2,53	0,29
2,56	0,29
2,58	0,30
2,61	0,28
2,63	0,28
2,66	0,26
2,68	0,30
2,71	0,30
2,73	0,32
2,75	0,31
2,78	0,30
2,80	0,32
2,83	0,34
2,85	0,35
2,88	0,34
2,90	0,32
2,93	0,30
2,95	0,30
2,97	0,28
3,00	0,30
3,02	0,28
3,05	0,28
3,07	0,27
3,10	0,28
3,12	0,28
3,15	0,33
3,17	0,30
3,19	0,31
3,22	0,29
3,24	0,30
3,27	0,28
3,29	0,29
3,32	0,24
3,34	0,26
3,36	0,24
3,39	0,27
3,41	0,24
3,44	0,27
3,46	0,25
3,49	0,28
3,51	0,25
3,54	0,29
3,56	0,26
3,58	0,30
3,61	0,29
3,63	0,33
3,66	0,27
3,68	0,31
3,71	0,25
3,73	0,31
3,76	0,28
3,78	0,31
3,80	0,26
3,83	0,32
3,85	0,28
3,88	0,37
3,90	0,31
3,93	0,35
3,95	0,30
3,98	0,35
4,00	0,31
4,02	0,36
4,05	0,26
4,07	0,30
4,10	0,26
4,12	0,31
4,15	0,27
4,17	0,28
4,20	0,24
4,22	0,29
4,24	0,27
4,27	0,33
4,29	0,30
4,32	0,31
4,34	0,31
4,37	0,30
4,39	0,31
4,42	0,32
4,44	0,30
4,46	0,29
4,49	0,26
4,51	0,26
4,54	0,30
4,56	0,29
4,59	0,30
4,61	0,29
4,63	0,31
4,66	0,33
4,68	0,36
4,71	0,33
4,73	0,34
4,76	0,31
4,78	0,31
4,81	0,30
4,83	0,30
4,85	0,27
4,88	0,28
4,90	0,25
4,93	0,28
4,95	0,25
4,98	0,27
5,00	0,28
5,03	0,30
5,05	0,27
5,07	0,31
5,10	0,26
5,12	0,29
5,15	0,24
5,17	0,27
5,20	0,24
5,22	0,26
5,25	0,22
5,27	0,28
5,29	0,26
5,32	0,35
5,34	0,30
5,37	0,35
5,39	0,33
5,42	0,39
5,44	0,34
5,47	0,38
5,49	0,30
5,51	0,34
5,54	0,29
5,56	0,33
5,59	0,28
5,61	0,31
5,64	0,26
5,66	0,33
5,68	0,29
5,71	0,32
5,73	0,30
5,76	0,32
5,78	0,30
5,81	0,35
5,83	0,29
5,86	0,31
5,88	0,27
5,90	0,27
5,93	0,28
5,95	0,29
5,98	0,25
6,00	0,27
6,03	0,25
6,05	0,28
6,08	0,30
6,10	0,30
6,12	0,32
6,15	0,31
6,17	0,30
6,20	0,32
6,22	0,33
6,25	0,30
6,27	0,32
6,30	0,26
6,32	0,28
6,34	0,28
6,37	0,30
6,39	0,29
6,42	0,30
6,44	0,25
6,47	0,31
6,49	0,28
6,52	0,30
6,54	0,28
6,56	0,28
6,59	0,27
6,61	0,31
6,64	0,27
6,66	0,29
6,69	0,25
6,71	0,28
6,73	0,30
6,76	0,30
6,78	0,26
6,81	0,30
6,83	0,28
6,86	0,34
6,88	0,29
6,91	0,31
6,93	0,27
6,95	0,32
6,98	0,28
7,00	0,34
7,03	0,27
7,05	0,31
7,08	0,25
7,10	0,32
7,13	0,30
7,15	0,36
7,17	0,29
7,20	0,39
7,22	0,34
7,25	0,41
7,27	0,34
7,30	0,35
7,32	0,29
7,35	0,37
7,37	0,30
7,39	0,36
7,42	0,29
7,44	0,32
7,47	0,31
7,49	0,36
7,52	0,31
7,54	0,34
7,57	0,30
7,59	0,35
7,61	0,36
7,64	0,37
7,66	0,36
7,69	0,35
7,71	0,33
7,74	0,36
7,76	0,36
7,78	0,35
7,81	0,36
7,83	0,35
7,86	0,37
7,88	0,38
7,91	0,39
7,93	0,41
7,96	0,42
7,98	0,38
8,00	0,39
8,03	0,37
8,05	0,39
8,08	0,37
8,10	0,38
8,13	0,35
8,15	0,38
8,18	0,35
8,20	0,41
8,22	0,39
8,25	0,42
8,27	0,38
8,30	0,40
8,32	0,40
8,35	0,41
8,37	0,38
8,40	0,41
8,42	0,39
8,44	0,41
8,47	0,39
8,49	0,40
8,52	0,39
8,54	0,42
8,57	0,38
8,59	0,42
8,62	0,38
8,64	0,43
8,66	0,42
8,69	0,47
8,71	0,40
8,74	0,46
8,76	0,39
8,79	0,46
8,81	0,39
8,84	0,43
8,86	0,38
8,88	0,44
8,91	0,38
8,93	0,46
8,96	0,39
8,98	0,44
9,01	0,39
9,03	0,45
9,05	0,42
9,08	0,46
9,10	0,39
9,13	0,42
9,15	0,41
9,18	0,47
9,20	0,45
9,23	0,46
9,25	0,43
9,27	0,47
9,30	0,47
9,32	0,50
9,35	0,47
9,37	0,45
9,40	0,45
9,42	0,46
9,45	0,47
9,47	0,48
9,49	0,48
9,52	0,45
9,54	0,46
9,57	0,46
9,59	0,49
9,62	0,46
9,64	0,48
9,67	0,46
9,69	0,48
9,71	0,45
9,74	0,49
9,76	0,46
9,79	0,52
9,81	0,47
9,84	0,49
9,86	0,46
9,89	0,52
9,91	0,49
9,93	0,53
9,96	0,50
9,98	0,55
10,01	0,53
10,03	0,59
10,06	0,54
10,08	0,58
10,10	0,54
10,13	0,58
10,15	0,54
10,18	0,56
10,20	0,52
10,23	0,57
10,25	0,53
10,28	0,55
10,30	0,47
10,32	0,54
10,35	0,50
10,37	0,54
10,40	0,50
10,42	0,54
10,45	0,50
10,47	0,57
10,50	0,51
10,52	0,58
10,54	0,52
10,57	0,57
10,59	0,55
10,62	0,61
10,64	0,54
10,67	0,59
10,69	0,54
10,72	0,59
10,74	0,56
10,76	0,57
10,79	0,53
10,81	0,58
10,84	0,55
10,86	0,61
10,89	0,57
10,91	0,58
10,94	0,56
10,96	0,58
10,98	0,58
11,01	0,59
11,03	0,56
11,06	0,58
11,08	0,55
11,11	0,56
11,13	0,58
11,15	0,58
11,18	0,60
11,20	0,59
11,23	0,59
11,25	0,62
11,28	0,65
11,30	0,62
11,33	0,65
11,35	0,61
11,37	0,62
11,40	0,63
11,42	0,65
11,45	0,64
11,47	0,66
11,50	0,62
11,52	0,67
11,55	0,67
11,57	0,69
11,59	0,68
11,62	0,69
11,64	0,67
11,67	0,71
11,69	0,68
11,72	0,69
11,74	0,66
11,77	0,68
11,79	0,66
11,81	0,69
11,84	0,65
11,86	0,71
11,89	0,66
11,91	0,71
11,94	0,68
11,96	0,72
11,99	0,66
12,01	0,74
12,03	0,68
12,06	0,76
12,08	0,69
12,11	0,73
12,13	0,70
12,16	0,79
12,18	0,72
12,21	0,78
12,23	0,71
12,25	0,80
12,28	0,77
12,30	0,81
12,33	0,75
12,35	0,78
12,38	0,74
12,40	0,81
12,42	0,76
12,45	0,80
12,47	0,73
12,50	0,78
12,52	0,76
12,55	0,81
12,57	0,77
12,60	0,80
12,62	0,77
12,64	0,81
12,67	0,82
12,69	0,84
12,72	0,83
12,74	0,83
12,77	0,80
12,79	0,82
12,82	0,83
12,84	0,83
12,86	0,85
12,89	0,84
12,91	0,85
12,94	0,86
12,96	0,88
12,99	0,89
13,01	0,91
13,04	0,87
13,06	0,90
13,08	0,86
13,11	0,88
13,13	0,85
13,16	0,89
13,18	0,85
13,21	0,89
13,23	0,87
13,26	0,92
13,28	0,91
13,30	0,94
13,33	0,90
13,35	0,93
13,38	0,88
13,40	0,92
13,43	0,89
13,45	0,94
13,47	0,89
13,50	0,93
13,52	0,90
13,55	0,96
13,57	0,91
13,60	0,98
13,62	0,92
13,65	0,99
13,67	0,92
13,69	0,99
13,72	0,97
13,74	1,04
13,77	0,94
13,79	1,01
13,82	0,93
13,84	1,02
13,87	0,94
13,89	0,97
13,91	0,90
13,94	0,97
13,96	0,91
13,99	0,98
14,01	0,91
14,04	0,95
14,06	0,92
14,09	0,98
14,11	0,94
14,13	0,97
14,16	0,91
14,18	0,95
14,21	0,94
14,23	0,97
14,26	0,94
14,28	0,95
14,31	0,92
14,33	0,98
14,35	0,97
14,38	0,99
14,40	0,98
14,43	0,96
14,45	0,97
14,48	0,98
14,50	0,97
14,52	0,98
14,55	0,96
14,57	0,93
14,60	0,95
14,62	0,92
14,65	0,95
14,67	0,94
14,70	0,94
14,72	0,93
14,74	0,95
14,77	0,92
14,79	0,98
14,82	0,95
14,84	0,98
14,87	0,95
14,89	0,97
14,92	0,96
14,94	1,00
14,96	0,96
14,99	0,99
15,01	0,94
15,04	0,97
15,06	0,97
15,09	0,99
15,11	0,95
15,14	1,00
15,16	0,96
15,18	1,01
15,21	0,99
15,23	1,01
15,26	0,99
15,28	1,03
15,31	0,95
15,33	0,99
15,36	0,94
15,38	0,99
15,40	0,94
15,43	0,99
15,45	0,94
15,48	1,01
15,50	0,96
15,53	1,05
15,55	0,99
15,57	1,05
15,60	0,99
15,62	1,05
15,65	1,01
15,67	1,06
15,70	0,97
15,72	1,02
15,75	0,96
15,77	1,03
15,79	1,00
15,82	1,02
15,84	0,98
15,87	1,03
15,89	1,00
15,92	1,08
15,94	1,05
15,97	1,05
15,99	1,03
16,01	1,04
16,04	1,05
16,06	1,08
16,09	1,04
16,11	1,04
16,14	1,03
16,16	1,05
16,19	1,09
16,21	1,09
16,23	1,08
16,26	1,10
16,28	1,12
16,31	1,13
16,33	1,17
16,36	1,16
16,38	1,19
16,41	1,19
16,43	1,19
16,45	1,21
16,48	1,22
16,50	1,20
16,53	1,23
16,55	1,18
16,58	1,20
16,60	1,19
16,63	1,19
16,65	1,21
16,67	1,25
16,70	1,24
16,72	1,31
16,75	1,29
16,77	1,33
16,80	1,30
16,82	1,32
16,84	1,28
16,87	1,31
16,89	1,26
16,92	1,32
16,94	1,29
16,97	1,37
16,99	1,36
17,02	1,39
17,04	1,36
17,06	1,44
17,09	1,42
17,11	1,49
17,14	1,43
17,16	1,48
17,19	1,47
17,21	1,54
17,24	1,49
17,26	1,53
17,28	1,46
17,31	1,56
17,33	1,50
17,36	1,55
17,38	1,52
17,41	1,55
17,43	1,51
17,46	1,61
17,48	1,54
17,50	1,58
17,53	1,54
17,55	1,56
17,58	1,56
17,60	1,61
17,63	1,57
17,65	1,62
17,68	1,58
17,70	1,61
17,72	1,63
17,75	1,64
17,77	1,62
17,80	1,61
17,82	1,59
17,85	1,60
17,87	1,63
17,89	1,62
17,92	1,63
17,94	1,61
17,97	1,62
17,99	1,63
18,02	1,66
18,04	1,66
18,07	1,68
18,09	1,64
18,11	1,70
18,14	1,70
18,16	1,72
18,19	1,70
18,21	1,69
18,24	1,65
18,26	1,69
18,29	1,63
18,31	1,66
18,33	1,62
18,36	1,65
18,38	1,62
18,41	1,66
18,43	1,61
18,46	1,65
18,48	1,62
18,51	1,66
18,53	1,63
18,55	1,70
18,58	1,65
18,60	1,69
18,63	1,64
18,65	1,69
18,68	1,62
18,70	1,64
18,73	1,55
18,75	1,61
18,77	1,57
18,80	1,63
18,82	1,54
18,85	1,62
18,87	1,57
18,90	1,64
18,92	1,59
18,94	1,62
18,97	1,55
18,99	1,61
19,02	1,54
19,04	1,59
19,07	1,49
19,09	1,50
19,12	1,46
19,14	1,52
19,16	1,48
19,19	1,49
19,21	1,43
19,24	1,49
19,26	1,48
19,29	1,52
19,31	1,49
19,34	1,48
19,36	1,44
19,38	1,47
19,41	1,44
19,43	1,45
19,46	1,42
19,48	1,40
19,51	1,39
19,53	1,41
19,56	1,42
19,58	1,46
19,60	1,46
19,63	1,44
19,65	1,45
19,68	1,42
19,70	1,44
19,73	1,41
19,75	1,39
19,78	1,37
19,80	1,37
19,82	1,36
19,85	1,40
19,87	1,38
19,90	1,41
19,92	1,38
19,95	1,39
19,97	1,41
19,99	1,45
20,02	1,42
20,04	1,45
20,07	1,40
20,09	1,44
20,12	1,44
20,14	1,43
20,17	1,38
20,19	1,42
20,21	1,39
20,24	1,46
20,26	1,43
20,29	1,44
20,31	1,44
20,34	1,51
20,36	1,46
20,39	1,48
20,41	1,41
20,43	1,48
20,46	1,45
20,48	1,49
20,51	1,43
20,53	1,46
20,56	1,42
20,58	1,52
20,61	1,46
20,63	1,51
20,65	1,46
20,68	1,53
20,70	1,52
20,73	1,59
20,75	1,51
20,78	1,56
20,80	1,54
20,83	1,62
20,85	1,61
20,87	1,63
20,90	1,59
20,92	1,65
20,95	1,64
20,97	1,71
21,00	1,69
21,02	1,69
21,05	1,71
21,07	1,74
21,09	1,76
21,12	1,81
21,14	1,79
21,17	1,80
21,19	1,82
21,22	1,83
21,24	1,88
21,26	1,88
21,29	1,89
21,31	1,91
21,34	1,94
21,36	1,94
21,39	2,00
21,41	2,00
21,44	2,05
21,46	2,04
21,48	2,07
21,51	2,08
21,53	2,13
21,56	2,12
21,58	2,17
21,61	2,14
21,63	2,20
21,66	2,21
21,68	2,24
21,70	2,25
21,73	2,29
21,75	2,28
21,78	2,37
21,80	2,33
21,83	2,38
21,85	2,37
21,88	2,42
21,90	2,41
21,92	2,47
21,95	2,43
21,97	2,51
22,00	2,47
22,02	2,54
22,05	2,51
22,07	2,57
22,10	2,50
22,12	2,58
22,14	2,56
22,17	2,65
22,19	2,59
22,22	2,64
22,24	2,60
22,27	2,70
22,29	2,64
22,31	2,71
22,34	2,64
22,36	2,73
22,39	2,71
22,41	2,76
22,44	2,70
22,46	2,75
22,49	2,69
22,51	2,78
22,53	2,72
22,56	2,74
22,58	2,70
22,61	2,72
22,63	2,71
22,66	2,75
22,68	2,70
22,71	2,71
22,73	2,68
22,75	2,70
22,78	2,72
22,80	2,73
22,83	2,71
22,85	2,69
22,88	2,68
22,90	2,69
22,93	2,69
22,95	2,66
22,97	2,65
23,00	2,63
23,02	2,62
23,05	2,63
23,07	2,64
23,10	2,64
23,12	2,64
23,15	2,59
23,17	2,62
23,19	2,58
23,22	2,60
23,24	2,56
23,27	2,55
23,29	2,51
23,32	2,52
23,34	2,45
23,36	2,47
23,39	2,42
23,41	2,42
23,44	2,41
23,46	2,40
23,49	2,36
23,51	2,40
23,54	2,35
23,56	2,35
23,58	2,31
23,61	2,30
23,63	2,27
23,66	2,30
23,68	2,23
23,71	2,28
23,73	2,21
23,76	2,25
23,78	2,18
23,80	2,25
23,83	2,20
23,85	2,25
23,88	2,15
23,90	2,20
23,93	2,13
23,95	2,18
23,98	2,09
24,00	2,09
24,02	2,00
24,05	2,08
24,07	2,01
24,10	2,05
24,12	1,96
24,15	1,98
24,17	1,94
24,20	1,99
24,22	1,92
24,24	1,95
24,27	1,89
24,29	1,93
24,32	1,91
24,34	1,94
24,37	1,91
24,39	1,91
24,42	1,87
24,44	1,89
24,46	1,88
24,49	1,89
24,51	1,90
24,54	1,88
24,56	1,87
24,59	1,88
24,61	1,90
24,63	1,91
24,66	1,91
24,68	1,87
24,71	1,88
24,73	1,88
24,76	1,89
24,78	1,87
24,81	1,87
24,83	1,84
24,85	1,86
24,88	1,83
24,90	1,89
24,93	1,86
24,95	1,91
24,98	1,93
25,00	1,98
25,03	1,97
25,05	2,06
25,07	2,02
25,10	2,09
25,12	2,08
25,15	2,09
25,17	2,08
25,20	2,11
25,22	2,09
25,25	2,15
25,27	2,12
25,29	2,14
25,32	2,13
25,34	2,17
25,37	2,19
25,39	2,27
25,42	2,21
25,44	2,26
25,47	2,22
25,49	2,29
25,51	2,27
25,54	2,33
25,56	2,26
25,59	2,36
25,61	2,33
25,64	2,46
25,66	2,43
25,68	2,50
25,71	2,47
25,73	2,58
25,76	2,57
25,78	2,65
25,81	2,58
25,83	2,64
25,86	2,64
25,88	2,71
25,90	2,70
25,93	2,74
25,95	2,72
25,98	2,84
26,00	2,85
26,03	2,92
26,05	2,94
26,08	2,97
26,10	3,01
26,12	3,07
26,15	3,09
26,17	3,14
26,20	3,15
26,22	3,16
26,25	3,20
26,27	3,22
26,30	3,28
26,32	3,30
26,34	3,34
26,37	3,37
26,39	3,42
26,42	3,44
26,44	3,53
26,47	3,54
26,49	3,60
26,52	3,59
26,54	3,64
26,56	3,63
26,59	3,73
26,61	3,71
26,64	3,77
26,66	3,74
26,69	3,82
26,71	3,85
26,73	3,93
26,76	3,90
26,78	3,97
26,81	3,95
26,83	4,04
26,86	4,02
26,88	4,07
26,91	4,06
26,93	4,10
26,95	4,08
26,98	4,15
27,00	4,10
27,03	4,18
27,05	4,14
27,08	4,19
27,10	4,17
27,13	4,22
27,15	4,15
27,17	4,26
27,20	4,21
27,22	4,29
27,25	4,22
27,27	4,26
27,30	4,22
27,32	4,31
27,35	4,23
27,37	4,27
27,39	4,20
27,42	4,26
27,44	4,23
27,47	4,26
27,49	4,17
27,52	4,18
27,54	4,13
27,57	4,20
27,59	4,14
27,61	4,14
27,64	4,08
27,66	4,08
27,69	4,04
27,71	4,07
27,74	3,99
27,76	3,97
27,78	3,90
27,81	3,91
27,83	3,91
27,86	3,91
27,88	3,85
27,91	3,83
27,93	3,80
27,96	3,78
27,98	3,75
28,00	3,71
28,03	3,67
28,05	3,63
28,08	3,57
28,10	3,55
28,13	3,52
28,15	3,49
28,18	3,50
28,20	3,45
28,22	3,44
28,25	3,42
28,27	3,42
28,30	3,40
28,32	3,39
28,35	3,29
28,37	3,28
28,40	3,21
28,42	3,18
28,44	3,10
28,47	3,07
28,49	3,01
28,52	3,01
28,54	2,95
28,57	2,97
28,59	2,92
28,62	2,93
28,64	2,91
28,66	2,92
28,69	2,85
28,71	2,88
28,74	2,84
28,76	2,88
28,79	2,81
28,81	2,78
28,84	2,71
28,86	2,76
28,88	2,68
28,91	2,71
28,93	2,60
28,96	2,64
28,98	2,58
29,01	2,62
29,03	2,57
29,05	2,61
29,08	2,52
29,10	2,59
29,13	2,51
29,15	2,56
29,18	2,48
29,20	2,48
29,23	2,43
29,25	2,49
29,27	2,44
29,30	2,49
29,32	2,44
29,35	2,48
29,37	2,49
29,40	2,53
29,42	2,50
29,45	2,52
29,47	2,49
29,49	2,53
29,52	2,55
29,54	2,53
29,57	2,54
29,59	2,53
29,62	2,53
29,64	2,54
29,67	2,56
29,69	2,58
29,71	2,61
29,74	2,60
29,76	2,65
29,79	2,66
29,81	2,70
29,84	2,71
29,86	2,72
29,89	2,71
29,91	2,75
29,93	2,74
29,96	2,79
29,98	2,78
30,01	2,84
30,03	2,86
30,06	2,92
30,08	2,88
30,10	2,96
30,13	2,96
30,15	3,04
30,18	3,04
30,20	3,10
30,23	3,10
30,25	3,19
30,28	3,19
30,30	3,25
30,32	3,23
30,35	3,28
30,37	3,28
30,40	3,37
30,42	3,37
30,45	3,46
30,47	3,44
30,50	3,56
30,52	3,55
30,54	3,66
30,57	3,65
30,59	3,74
30,62	3,71
30,64	3,83
30,67	3,78
30,69	3,91
30,72	3,88
30,74	3,97
30,76	3,98
30,79	4,12
30,81	4,13
30,84	4,27
30,86	4,25
30,89	4,34
30,91	4,37
30,94	4,47
30,96	4,48
30,98	4,55
31,01	4,53
31,03	4,63
31,06	4,66
31,08	4,74
31,11	4,76
31,13	4,82
31,15	4,85
31,18	4,93
31,20	5,00
31,23	5,10
31,25	5,15
31,28	5,18
31,30	5,24
31,33	5,28
31,35	5,35
31,37	5,39
31,40	5,44
31,42	5,45
31,45	5,52
31,47	5,55
31,50	5,65
31,52	5,67
31,55	5,72
31,57	5,74
31,59	5,80
31,62	5,81
31,64	5,87
31,67	5,86
31,69	5,91
31,72	5,91
31,74	5,96
31,77	5,96
31,79	6,00
31,81	5,99
31,84	6,03
31,86	6,00
31,89	6,04
31,91	6,02
31,94	6,06
31,96	6,06
31,99	6,11
32,01	6,07
32,03	6,11
32,06	6,03
32,08	6,09
32,11	6,04
32,13	6,07
32,16	5,99
32,18	6,02
32,20	5,96
32,23	6,02
32,25	5,95
32,28	5,98
32,30	5,89
32,33	5,93
32,35	5,84
32,38	5,88
32,40	5,77
32,42	5,79
32,45	5,68
32,47	5,72
32,50	5,63
32,52	5,64
32,55	5,53
32,57	5,53
32,60	5,42
32,62	5,45
32,64	5,35
32,67	5,31
32,69	5,25
32,72	5,23
32,74	5,17
32,77	5,18
32,79	5,07
32,82	5,03
32,84	4,95
32,86	4,92
32,89	4,87
32,91	4,81
32,94	4,73
32,96	4,69
32,99	4,63
33,01	4,59
33,04	4,53
33,06	4,47
33,08	4,43
33,11	4,36
33,13	4,31
33,16	4,25
33,18	4,23
33,21	4,18
33,23	4,16
33,26	4,07
33,28	4,04
33,30	3,99
33,33	3,99
33,35	3,92
33,38	3,91
33,40	3,82
33,43	3,84
33,45	3,78
33,47	3,77
33,50	3,69
33,52	3,67
33,55	3,58
33,57	3,58
33,60	3,51
33,62	3,51
33,65	3,43
33,67	3,42
33,69	3,39
33,72	3,39
33,74	3,34
33,77	3,34
33,79	3,30
33,82	3,36
33,84	3,31
33,87	3,30
33,89	3,25
33,91	3,30
33,94	3,26
33,96	3,32
33,99	3,20
34,01	3,22
34,04	3,18
34,06	3,23
34,09	3,16
34,11	3,20
34,13	3,11
34,16	3,22
34,18	3,19
34,21	3,24
34,23	3,18
34,26	3,21
34,28	3,15
34,31	3,24
34,33	3,19
34,35	3,23
34,38	3,18
34,40	3,22
34,43	3,23
34,45	3,31
34,48	3,28
34,50	3,31
34,52	3,30
34,55	3,36
34,57	3,39
34,60	3,42
34,62	3,42
34,65	3,44
34,67	3,46
34,70	3,51
34,72	3,55
34,74	3,59
34,77	3,65
34,79	3,66
34,82	3,72
34,84	3,76
34,87	3,83
34,89	3,86
34,92	3,91
34,94	3,91
34,96	3,98
34,99	4,01
35,01	4,09
35,04	4,10
35,06	4,17
35,09	4,18
35,11	4,26
35,14	4,28
35,16	4,38
35,18	4,38
35,21	4,48
35,23	4,48
35,26	4,58
35,28	4,61
35,31	4,70
35,33	4,71
35,36	4,83
35,38	4,83
35,40	4,96
35,43	4,99
35,45	5,07
35,48	5,09
35,50	5,22
35,53	5,21
35,55	5,34
35,57	5,34
35,60	5,45
35,62	5,49
35,65	5,61
35,67	5,59
35,70	5,73
35,72	5,74
35,75	5,89
35,77	5,90
35,79	6,05
35,82	6,06
35,84	6,21
35,87	6,24
35,89	6,38
35,92	6,36
35,94	6,47
35,97	6,48
35,99	6,62
36,01	6,65
36,04	6,74
36,06	6,76
36,09	6,88
36,11	6,94
36,14	7,06
36,16	7,09
36,19	7,16
36,21	7,21
36,23	7,30
36,26	7,37
36,28	7,44
36,31	7,48
36,33	7,50
36,36	7,56
36,38	7,61
36,41	7,67
36,43	7,72
36,45	7,76
36,48	7,79
36,50	7,84
36,53	7,88
36,55	7,94
36,58	7,95
36,60	8,01
36,62	8,02
36,65	8,06
36,67	8,07
36,70	8,13
36,72	8,12
36,75	8,15
36,77	8,11
36,80	8,13
36,82	8,13
36,84	8,13
36,87	8,09
36,89	8,11
36,92	8,06
36,94	8,09
36,97	8,04
36,99	8,01
37,02	7,99
37,04	7,99
37,06	7,95
37,09	7,96
37,11	7,89
37,14	7,90
37,16	7,86
37,19	7,85
37,21	7,76
37,24	7,73
37,26	7,61
37,28	7,64
37,31	7,52
37,33	7,53
37,36	7,40
37,38	7,39
37,41	7,27
37,43	7,30
37,46	7,15
37,48	7,16
37,50	7,01
37,53	7,01
37,55	6,90
37,58	6,88
37,60	6,71
37,63	6,71
37,65	6,57
37,68	6,59
37,70	6,46
37,72	6,43
37,75	6,31
37,77	6,29
37,80	6,16
37,82	6,15
37,85	6,00
37,87	5,93
37,89	5,81
37,92	5,75
37,94	5,67
37,97	5,63
37,99	5,52
38,02	5,46
38,04	5,38
38,07	5,34
38,09	5,29
38,11	5,23
38,14	5,17
38,16	5,05
38,19	4,99
38,21	4,94
38,24	4,89
38,26	4,81
38,29	4,76
38,31	4,67
38,33	4,65
38,36	4,61
38,38	4,58
38,41	4,52
38,43	4,51
38,46	4,44
38,48	4,46
38,51	4,41
38,53	4,40
38,55	4,34
38,58	4,33
38,60	4,26
38,63	4,25
38,65	4,18
38,68	4,20
38,70	4,13
38,73	4,14
38,75	4,10
38,77	4,09
38,80	4,03
38,82	4,07
38,85	4,03
38,87	4,09
38,90	4,03
38,92	4,08
38,94	4,05
38,97	4,10
38,99	4,05
39,02	4,10
39,04	4,01
39,07	4,07
39,09	4,02
39,12	4,12
39,14	4,09
39,16	4,16
39,19	4,11
39,21	4,21
39,24	4,16
39,26	4,25
39,29	4,19
39,31	4,22
39,34	4,19
39,36	4,29
39,38	4,26
39,41	4,34
39,43	4,30
39,46	4,37
39,48	4,39
39,51	4,46
39,53	4,46
39,56	4,54
39,58	4,54
39,60	4,62
39,63	4,67
39,65	4,74
39,68	4,79
39,70	4,84
39,73	4,84
39,75	4,92
39,78	4,98
39,80	5,04
39,82	5,12
39,85	5,15
39,87	5,21
39,90	5,28
39,92	5,37
39,95	5,43
39,97	5,53
39,99	5,54
40,02	5,64
40,04	5,67
40,07	5,78
40,09	5,81
40,12	5,89
40,14	5,90
40,17	6,00
40,19	6,06
40,21	6,21
40,24	6,23
40,26	6,35
40,29	6,41
40,31	6,54
40,34	6,61
40,36	6,72
40,39	6,72
40,41	6,87
40,43	6,89
40,46	6,99
40,48	7,03
40,51	7,14
40,53	7,17
40,56	7,33
40,58	7,37
40,61	7,50
40,63	7,54
40,65	7,70
40,68	7,77
40,70	7,92
40,73	7,95
40,75	8,10
40,78	8,13
40,80	8,28
40,83	8,30
40,85	8,41
40,87	8,44
40,90	8,58
40,92	8,60
40,95	8,78
40,97	8,79
41,00	8,92
41,02	8,97
41,05	9,13
41,07	9,15
41,09	9,27
41,12	9,26
41,14	9,39
41,17	9,41
41,19	9,50
41,22	9,52
41,24	9,60
41,26	9,63
41,29	9,75
41,31	9,81
41,34	9,89
41,36	9,93
41,39	9,97
41,41	10,01
41,44	10,06
41,46	10,08
41,48	10,12
41,51	10,14
41,53	10,15
41,56	10,17
41,58	10,18
41,61	10,22
41,63	10,22
41,66	10,23
41,68	10,23
41,70	10,24
41,73	10,21
41,75	10,25
41,78	10,23
41,80	10,23
41,83	10,19
41,85	10,18
41,88	10,16
41,90	10,19
41,92	10,11
41,95	10,09
41,97	10,01
42,00	9,99
42,02	9,95
42,05	9,91
42,07	9,82
42,10	9,78
42,12	9,68
42,14	9,65
42,17	9,54
42,19	9,48
42,22	9,38
42,24	9,32
42,27	9,22
42,29	9,20
42,31	9,07
42,34	9,05
42,36	8,91
42,39	8,87
42,41	8,73
42,44	8,67
42,46	8,50
42,49	8,52
42,51	8,37
42,53	8,36
42,56	8,20
42,58	8,18
42,61	8,05
42,63	8,05
42,66	7,86
42,68	7,79
42,71	7,62
42,73	7,60
42,75	7,48
42,78	7,42
42,80	7,23
42,83	7,17
42,85	7,05
42,88	7,04
42,90	6,91
42,93	6,81
42,95	6,69
42,97	6,64
43,00	6,56
43,02	6,52
43,05	6,41
43,07	6,32
43,10	6,21
43,12	6,15
43,15	6,11
43,17	6,04
43,19	5,96
43,22	5,90
43,24	5,85
43,27	5,81
43,29	5,77
43,32	5,69
43,34	5,65
43,36	5,59
43,39	5,53
43,41	5,47
43,44	5,44
43,46	5,38
43,49	5,37
43,51	5,29
43,54	5,28
43,56	5,24
43,58	5,28
43,61	5,26
43,63	5,29
43,66	5,22
43,68	5,25
43,71	5,17
43,73	5,18
43,76	5,08
43,78	5,09
43,80	5,03
43,83	5,07
43,85	5,02
43,88	5,11
43,90	5,07
43,93	5,13
43,95	5,12
43,98	5,16
44,00	5,10
44,02	5,20
44,05	5,15
44,07	5,23
44,10	5,17
44,12	5,22
44,15	5,20
44,17	5,30
44,20	5,26
44,22	5,34
44,24	5,30
44,27	5,41
44,29	5,39
44,32	5,48
44,34	5,48
44,37	5,56
44,39	5,53
44,41	5,66
44,44	5,66
44,46	5,76
44,49	5,74
44,51	5,81
44,54	5,86
44,56	5,98
44,59	5,99
44,61	6,09
44,63	6,10
44,66	6,18
44,68	6,26
44,71	6,34
44,73	6,38
44,76	6,45
44,78	6,50
44,81	6,59
44,83	6,69
44,85	6,75
44,88	6,84
44,90	6,87
44,93	6,97
44,95	7,04
44,98	7,16
45,00	7,23
45,03	7,33
45,05	7,37
45,07	7,52
45,10	7,58
45,12	7,71
45,15	7,79
45,17	7,91
45,20	7,99
45,22	8,14
45,25	8,18
45,27	8,33
45,29	8,40
45,32	8,51
45,34	8,59
45,37	8,70
45,39	8,74
45,42	8,91
45,44	8,96
45,47	9,10
45,49	9,18
45,51	9,33
45,54	9,41
45,56	9,56
45,59	9,61
45,61	9,77
45,64	9,83
45,66	9,96
45,68	9,97
45,71	10,13
45,73	10,17
45,76	10,34
45,78	10,36
45,81	10,52
45,83	10,55
45,86	10,73
45,88	10,78
45,90	10,92
45,93	10,93
45,95	11,10
45,98	11,13
46,00	11,29
46,03	11,28
46,05	11,38
46,08	11,42
46,10	11,58
46,12	11,59
46,15	11,71
46,17	11,72
46,20	11,84
46,22	11,89
46,25	12,00
46,27	12,03
46,30	12,11
46,32	12,11
46,34	12,19
46,37	12,22
46,39	12,28
46,42	12,29
46,44	12,30
46,47	12,32
46,49	12,36
46,52	12,39
46,54	12,45
46,56	12,46
46,59	12,46
46,61	12,47
46,64	12,46
46,66	12,47
46,69	12,45
46,71	12,42
46,73	12,38
46,76	12,37
46,78	12,34
46,81	12,37
46,83	12,32
46,86	12,32
46,88	12,23
46,91	12,20
46,93	12,13
46,95	12,10
46,98	12,00
47,00	11,96
47,03	11,85
47,05	11,83
47,08	11,76
47,10	11,70
47,13	11,61
47,15	11,57
47,17	11,44
47,20	11,39
47,22	11,26
47,25	11,19
47,27	11,12
47,30	11,07
47,32	10,92
47,35	10,87
47,37	10,68
47,39	10,66
47,42	10,54
47,44	10,47
47,47	10,30
47,49	10,24
47,52	10,09
47,54	10,13
47,57	9,94
47,59	9,88
47,61	9,69
47,64	9,64
47,66	9,49
47,69	9,46
47,71	9,24
47,74	9,19
47,76	9,02
47,78	9,01
47,81	8,87
47,83	8,78
47,86	8,61
47,88	8,56
47,91	8,42
47,93	8,38
47,96	8,23
47,98	8,13
48,00	8,03
48,03	7,97
48,05	7,87
48,08	7,81
48,10	7,69
48,13	7,61
48,15	7,53
48,18	7,47
48,20	7,41
48,22	7,33
48,25	7,27
48,27	7,19
48,30	7,12
48,32	7,05
48,35	7,02
48,37	6,94
48,40	6,90
48,42	6,82
48,44	6,78
48,47	6,72
48,49	6,71
48,52	6,64
48,54	6,65
48,57	6,58
48,59	6,59
48,62	6,55
48,64	6,56
48,66	6,51
48,69	6,53
48,71	6,47
48,74	6,53
48,76	6,49
48,79	6,53
48,81	6,50
48,84	6,52
48,86	6,50
48,88	6,54
48,91	6,49
48,93	6,52
48,96	6,46
48,98	6,52
49,01	6,52
49,03	6,57
49,05	6,57
49,08	6,65
49,10	6,66
49,13	6,77
49,15	6,78
49,18	6,85
49,20	6,88
49,23	6,94
49,25	6,95
49,27	7,03
49,30	7,03
49,32	7,13
49,35	7,13
49,37	7,19
49,40	7,23
49,42	7,32
49,45	7,35
49,47	7,47
49,49	7,48
49,52	7,59
49,54	7,61
49,57	7,71
49,59	7,77
49,62	7,89
49,64	7,90
49,67	8,04
49,69	8,06
49,71	8,20
49,74	8,25
49,76	8,34
49,79	8,39
49,81	8,54
49,84	8,57
49,86	8,70
49,89	8,75
49,91	8,85
49,93	8,95
49,96	9,09
49,98	9,15
50,01	9,27
50,03	9,37
50,06	9,48
50,08	9,59
50,10	9,71
50,13	9,79
50,15	9,89
50,18	9,99
50,20	10,10
50,23	10,23
50,25	10,34
50,28	10,46
50,30	10,54
50,32	10,69
50,35	10,80
50,37	10,95
50,40	11,05
50,42	11,18
50,45	11,27
50,47	11,42
50,50	11,52
50,52	11,67
50,54	11,75
50,57	11,86
50,59	11,96
50,62	12,10
50,64	12,19
50,67	12,33
50,69	12,40
50,72	12,54
50,74	12,64
50,76	12,77
50,79	12,86
50,81	12,99
50,84	13,04
50,86	13,19
50,89	13,24
50,91	13,42
50,94	13,49
50,96	13,59
50,98	13,64
51,01	13,76
51,03	13,79
51,06	13,94
51,08	13,93
51,11	14,06
51,13	14,13
51,15	14,25
51,18	14,28
51,20	14,39
51,23	14,41
51,25	14,53
51,28	14,53
51,30	14,63
51,33	14,63
51,35	14,72
51,37	14,71
51,40	14,81
51,42	14,78
51,45	14,85
51,47	14,83
51,50	14,92
51,52	14,91
51,55	14,96
51,57	14,89
51,59	14,92
51,62	14,88
51,64	14,91
51,67	14,87
51,69	14,86
51,72	14,82
51,74	14,82
51,77	14,79
51,79	14,82
51,81	14,76
51,84	14,71
51,86	14,65
51,89	14,59
51,91	14,55
51,94	14,50
51,96	14,41
51,99	14,34
52,01	14,26
52,03	14,20
52,06	14,16
52,08	14,07
52,11	14,00
52,13	13,90
52,16	13,82
52,18	13,73
52,20	13,64
52,23	13,50
52,25	13,39
52,28	13,25
52,30	13,18
52,33	13,06
52,35	12,95
52,38	12,84
52,40	12,78
52,42	12,68
52,45	12,61
52,47	12,47
52,50	12,37
52,52	12,28
52,55	12,20
52,57	12,03
52,60	11,92
52,62	11,74
52,64	11,66
52,67	11,53
52,69	11,44
52,72	11,28
52,74	11,21
52,77	11,07
52,79	11,07
52,82	10,93
52,84	10,86
52,86	10,69
52,89	10,62
52,91	10,47
52,94	10,43
52,96	10,25
52,99	10,20
53,01	10,06
53,04	10,05
53,06	9,93
53,08	9,88
53,11	9,73
53,13	9,70
53,16	9,57
53,18	9,56
53,21	9,43
53,23	9,37
53,26	9,28
53,28	9,25
53,30	9,14
53,33	9,13
53,35	9,03
53,38	8,98
53,40	8,92
53,43	8,87
53,45	8,82
53,47	8,81
53,50	8,73
53,52	8,70
53,55	8,66
53,57	8,63
53,60	8,64
53,62	8,61
53,65	8,60
53,67	8,57
53,69	8,55
53,72	8,54
53,74	8,56
53,77	8,52
53,79	8,57
53,82	8,52
53,84	8,55
53,87	8,53
53,89	8,58
53,91	8,57
53,94	8,61
53,96	8,61
53,99	8,70
54,01	8,71
54,04	8,79
54,06	8,78
54,09	8,82
54,11	8,86
54,13	8,89
54,16	8,91
54,18	8,97
54,21	8,97
54,23	9,06
54,26	9,11
54,28	9,17
54,31	9,21
54,33	9,30
54,35	9,37
54,38	9,48
54,40	9,50
54,43	9,57
54,45	9,59
54,48	9,72
54,50	9,74
54,52	9,85
54,55	9,86
54,57	9,99
54,60	10,05
54,62	10,20
54,65	10,25
54,67	10,41
54,70	10,42
54,72	10,59
54,74	10,62
54,77	10,76
54,79	10,80
54,82	10,91
54,84	10,96
54,87	11,13
54,89	11,20
54,92	11,36
54,94	11,41
54,96	11,55
54,99	11,68
55,01	11,84
55,04	11,95
55,06	12,10
55,09	12,19
55,11	12,36
55,14	12,49
55,16	12,61
55,18	12,70
55,21	12,81
55,23	12,92
55,26	13,07
55,28	13,20
55,31	13,31
55,33	13,46
55,36	13,58
55,38	13,73
55,40	13,87
55,43	14,00
55,45	14,12
55,48	14,26
55,50	14,35
55,53	14,49
55,55	14,59
55,57	14,74
55,60	14,85
55,62	15,01
55,65	15,12
55,67	15,27
55,70	15,38
55,72	15,54
55,75	15,63
55,77	15,77
55,79	15,81
55,82	15,94
55,84	16,03
55,87	16,17
55,89	16,23
55,92	16,36
55,94	16,45
55,97	16,63
55,99	16,75
56,01	16,88
56,04	16,93
56,06	17,07
56,09	17,14
56,11	17,22
56,14	17,25
56,16	17,34
56,19	17,40
56,21	17,51
56,23	17,54
56,26	17,65
56,28	17,69
56,31	17,80
56,33	17,81
56,36	17,90
56,38	17,91
56,41	17,98
56,43	17,98
56,45	18,07
56,48	18,03
56,50	18,06
56,53	18,05
56,55	18,12
56,58	18,12
56,60	18,15
56,62	18,10
56,65	18,14
56,67	18,14
56,70	18,15
56,72	18,11
56,75	18,10
56,77	18,04
56,80	18,03
56,82	18,00
56,84	17,98
56,87	17,93
56,89	17,87
56,92	17,81
56,94	17,76
56,97	17,73
56,99	17,66
57,02	17,58
57,04	17,49
57,06	17,44
57,09	17,36
57,11	17,32
57,14	17,20
57,16	17,14
57,19	17,07
57,21	17,01
57,24	16,90
57,26	16,83
57,28	16,71
57,31	16,63
57,33	16,51
57,36	16,38
57,38	16,24
57,41	16,13
57,43	16,00
57,46	15,93
57,48	15,79
57,50	15,69
57,53	15,59
57,55	15,52
57,58	15,41
57,60	15,33
57,63	15,16
57,65	15,10
57,68	14,96
57,70	14,87
57,72	14,73
57,75	14,66
57,77	14,49
57,80	14,41
57,82	14,25
57,85	14,19
57,87	14,03
57,89	13,97
57,92	13,82
57,94	13,78
57,97	13,64
57,99	13,63
58,02	13,48
58,04	13,45
58,07	13,29
58,09	13,27
58,11	13,13
58,14	13,09
58,16	12,93
58,19	12,90
58,21	12,77
58,24	12,77
58,26	12,66
58,29	12,61
58,31	12,52
58,33	12,49
58,36	12,39
58,38	12,40
58,41	12,29
58,43	12,23
58,46	12,17
58,48	12,13
58,51	12,09
58,53	12,07
58,55	12,00
58,58	11,96
58,60	11,92
58,63	11,90
58,65	11,92
58,68	11,88
58,70	11,87
58,73	11,86
58,75	11,87
58,77	11,87
58,80	11,89
58,82	11,86
58,85	11,91
58,87	11,90
58,90	11,94
58,92	11,97
58,94	12,02
58,97	12,02
58,99	12,10
59,02	12,06
59,04	12,14
59,07	12,13
59,09	12,19
59,12	12,19
59,14	12,27
59,16	12,26
59,19	12,38
59,21	12,37
59,24	12,48
59,26	12,47
59,29	12,58
59,31	12,60
59,34	12,72
59,36	12,72
59,38	12,89
59,41	12,92
59,43	13,09
59,46	13,09
59,48	13,24
59,51	13,22
59,53	13,42
59,56	13,44
59,58	13,61
59,60	13,59
59,63	13,75
59,65	13,79
59,68	14,00
59,70	14,02
59,73	14,19
59,75	14,20
59,78	14,43
59,80	14,51
59,82	14,68
59,85	14,72
59,87	14,86
59,90	14,93
59,92	15,14
59,95	15,23
59,97	15,39
59,99	15,49
