Voltage U1	Corriente IA	Voltage U2
U1/V	IA/nA	U2/V

0,02	0,30	1,2
0,04	0,31	1,2
0,07	0,33	1,2
0,09	0,35	1,2
0,12	0,37	1,2
0,14	0,37	1,2
0,17	0,35	1,2
0,19	0,36	1,2
0,21	0,34	1,2
0,24	0,34	1,2
0,26	0,34	1,2
0,29	0,31	1,2
0,31	0,32	1,2
0,34	0,33	1,2
0,36	0,34	1,2
0,39	0,37	1,2
0,41	0,36	1,2
0,43	0,32	1,2
0,46	0,35	1,2
0,48	0,32	1,2
0,51	0,32	1,2
0,53	0,31	1,2
0,56	0,31	1,2
0,58	0,31	1,2
0,61	0,33	1,2
0,63	0,30	1,2
0,65	0,33	1,2
0,68	0,32	1,2
0,70	0,34	1,2
0,73	0,33	1,2
0,75	0,36	1,2
0,78	0,35	1,2
0,80	0,38	1,2
0,83	0,36	1,2
0,85	0,39	1,2
0,87	0,37	1,2
0,90	0,38	1,2
0,92	0,34	1,2
0,95	0,37	1,2
0,97	0,35	1,2
1,00	0,39	1,2
1,02	0,34	1,2
1,05	0,37	1,2
1,07	0,34	1,2
1,09	0,37	1,2
1,12	0,38	1,2
1,14	0,39	1,2
1,17	0,36	1,2
1,19	0,40	1,2
1,22	0,36	1,2
1,24	0,39	1,2
1,26	0,34	1,2
1,29	0,33	1,2
1,31	0,32	1,2
1,34	0,35	1,2
1,36	0,31	1,2
1,39	0,36	1,2
1,41	0,33	1,2
1,44	0,35	1,2
1,46	0,35	1,2
1,48	0,38	1,2
1,51	0,36	1,2
1,53	0,37	1,2
1,56	0,35	1,2
1,58	0,37	1,2
1,61	0,38	1,2
1,63	0,39	1,2
1,66	0,36	1,2
1,68	0,35	1,2
1,70	0,33	1,2
1,73	0,34	1,2
1,75	0,35	1,2
1,78	0,36	1,2
1,80	0,35	1,2
1,83	0,34	1,2
1,85	0,40	1,2
1,88	0,40	1,2
1,90	0,42	1,2
1,92	0,40	1,2
1,95	0,40	1,2
1,97	0,39	1,2
2,00	0,41	1,2
2,02	0,35	1,2
2,05	0,37	1,2
2,07	0,31	1,2
2,10	0,32	1,2
2,12	0,30	1,2
2,14	0,31	1,2
2,17	0,28	1,2
2,19	0,33	1,2
2,22	0,30	1,2
2,24	0,34	1,2
2,27	0,34	1,2
2,29	0,35	1,2
2,31	0,33	1,2
2,34	0,37	1,2
2,36	0,35	1,2
2,39	0,39	1,2
2,41	0,37	1,2
2,44	0,40	1,2
2,46	0,38	1,2
2,49	0,41	1,2
2,51	0,37	1,2
2,53	0,39	1,2
2,56	0,34	1,2
2,58	0,39	1,2
2,61	0,35	1,2
2,63	0,39	1,2
2,66	0,36	1,2
2,68	0,39	1,2
2,71	0,35	1,2
2,73	0,39	1,2
2,75	0,33	1,2
2,78	0,37	1,2
2,80	0,31	1,2
2,83	0,34	1,2
2,85	0,32	1,2
2,88	0,36	1,2
2,90	0,34	1,2
2,93	0,37	1,2
2,95	0,32	1,2
2,97	0,36	1,2
3,00	0,33	1,2
3,02	0,36	1,2
3,05	0,35	1,2
3,07	0,36	1,2
3,10	0,34	1,2
3,12	0,38	1,2
3,15	0,35	1,2
3,17	0,38	1,2
3,19	0,36	1,2
3,22	0,35	1,2
3,24	0,35	1,2
3,27	0,37	1,2
3,29	0,37	1,2
3,32	0,42	1,2
3,34	0,41	1,2
3,36	0,40	1,2
3,39	0,39	1,2
3,41	0,36	1,2
3,44	0,38	1,2
3,46	0,36	1,2
3,49	0,35	1,2
3,51	0,34	1,2
3,54	0,32	1,2
3,56	0,33	1,2
3,58	0,38	1,2
3,61	0,36	1,2
3,63	0,36	1,2
3,66	0,33	1,2
3,68	0,34	1,2
3,71	0,36	1,2
3,73	0,39	1,2
3,76	0,35	1,2
3,78	0,38	1,2
3,80	0,36	1,2
3,83	0,38	1,2
3,85	0,39	1,2
3,88	0,38	1,2
3,90	0,35	1,2
3,93	0,36	1,2
3,95	0,33	1,2
3,98	0,36	1,2
4,00	0,35	1,2
4,02	0,34	1,2
4,05	0,39	1,2
4,07	0,41	1,2
4,10	0,39	1,2
4,12	0,41	1,2
4,15	0,37	1,2
4,17	0,40	1,2
4,20	0,37	1,2
4,22	0,36	1,2
4,24	0,32	1,2
4,27	0,34	1,2
4,29	0,30	1,2
4,32	0,36	1,2
4,34	0,33	1,2
4,37	0,37	1,2
4,39	0,33	1,2
4,42	0,36	1,2
4,44	0,34	1,2
4,46	0,40	1,2
4,49	0,33	1,2
4,51	0,37	1,2
4,54	0,34	1,2
4,56	0,37	1,2
4,59	0,37	1,2
4,61	0,37	1,2
4,63	0,33	1,2
4,66	0,37	1,2
4,68	0,35	1,2
4,71	0,38	1,2
4,73	0,36	1,2
4,76	0,35	1,2
4,78	0,36	1,2
4,81	0,38	1,2
4,83	0,38	1,2
4,85	0,38	1,2
4,88	0,36	1,2
4,90	0,36	1,2
4,93	0,34	1,2
4,95	0,35	1,2
4,98	0,37	1,2
5,00	0,36	1,2
5,03	0,36	1,2
5,05	0,36	1,2
5,07	0,36	1,2
5,10	0,37	1,2
5,12	0,39	1,2
5,15	0,37	1,2
5,17	0,38	1,2
5,20	0,37	1,2
5,22	0,37	1,2
5,25	0,37	1,2
5,27	0,39	1,2
5,29	0,37	1,2
5,32	0,40	1,2
5,34	0,38	1,2
5,37	0,39	1,2
5,39	0,40	1,2
5,42	0,42	1,2
5,44	0,40	1,2
5,47	0,41	1,2
5,49	0,38	1,2
5,51	0,40	1,2
5,54	0,36	1,2
5,56	0,35	1,2
5,59	0,32	1,2
5,61	0,33	1,2
5,64	0,34	1,2
5,66	0,36	1,2
5,68	0,34	1,2
5,71	0,38	1,2
5,73	0,35	1,2
5,76	0,38	1,2
5,78	0,37	1,2
5,81	0,37	1,2
5,83	0,33	1,2
5,86	0,38	1,2
5,88	0,37	1,2
5,90	0,43	1,2
5,93	0,39	1,2
5,95	0,41	1,2
5,98	0,40	1,2
6,00	0,45	1,2
6,03	0,39	1,2
6,05	0,43	1,2
6,08	0,38	1,2
6,10	0,43	1,2
6,12	0,41	1,2
6,15	0,43	1,2
6,17	0,39	1,2
6,20	0,42	1,2
6,22	0,38	1,2
6,25	0,42	1,2
6,27	0,40	1,2
6,30	0,41	1,2
6,32	0,39	1,2
6,34	0,41	1,2
6,37	0,40	1,2
6,39	0,41	1,2
6,42	0,39	1,2
6,44	0,40	1,2
6,47	0,37	1,2
6,49	0,37	1,2
6,52	0,39	1,2
6,54	0,40	1,2
6,56	0,40	1,2
6,59	0,40	1,2
6,61	0,39	1,2
6,64	0,41	1,2
6,66	0,44	1,2
6,69	0,42	1,2
6,71	0,43	1,2
6,73	0,42	1,2
6,76	0,42	1,2
6,78	0,43	1,2
6,81	0,46	1,2
6,83	0,45	1,2
6,86	0,45	1,2
6,88	0,41	1,2
6,91	0,44	1,2
6,93	0,44	1,2
6,95	0,44	1,2
6,98	0,41	1,2
7,00	0,43	1,2
7,03	0,43	1,2
7,05	0,48	1,2
7,08	0,46	1,2
7,10	0,47	1,2
7,13	0,46	1,2
7,15	0,48	1,2
7,17	0,47	1,2
7,20	0,47	1,2
7,22	0,46	1,2
7,25	0,49	1,2
7,27	0,47	1,2
7,30	0,49	1,2
7,32	0,46	1,2
7,35	0,47	1,2
7,37	0,45	1,2
7,39	0,48	1,2
7,42	0,45	1,2
7,44	0,50	1,2
7,47	0,47	1,2
7,49	0,49	1,2
7,52	0,47	1,2
7,54	0,51	1,2
7,57	0,47	1,2
7,59	0,49	1,2
7,61	0,44	1,2
7,64	0,49	1,2
7,66	0,48	1,2
7,69	0,51	1,2
7,71	0,48	1,2
7,74	0,50	1,2
7,76	0,47	1,2
7,78	0,53	1,2
7,81	0,49	1,2
7,83	0,51	1,2
7,86	0,47	1,2
7,88	0,48	1,2
7,91	0,48	1,2
7,93	0,50	1,2
7,96	0,47	1,2
7,98	0,50	1,2
8,00	0,49	1,2
8,03	0,49	1,2
8,05	0,51	1,2
8,08	0,53	1,2
8,10	0,52	1,2
8,13	0,53	1,2
8,15	0,50	1,2
8,18	0,51	1,2
8,20	0,52	1,2
8,22	0,52	1,2
8,25	0,53	1,2
8,27	0,52	1,2
8,30	0,53	1,2
8,32	0,54	1,2
8,35	0,56	1,2
8,37	0,57	1,2
8,40	0,60	1,2
8,42	0,56	1,2
8,44	0,57	1,2
8,47	0,55	1,2
8,49	0,57	1,2
8,52	0,56	1,2
8,54	0,58	1,2
8,57	0,57	1,2
8,59	0,59	1,2
8,62	0,57	1,2
8,64	0,60	1,2
8,66	0,56	1,2
8,69	0,57	1,2
8,71	0,55	1,2
8,74	0,56	1,2
8,76	0,54	1,2
8,79	0,57	1,2
8,81	0,58	1,2
8,84	0,62	1,2
8,86	0,62	1,2
8,88	0,63	1,2
8,91	0,60	1,2
8,93	0,62	1,2
8,96	0,60	1,2
8,98	0,64	1,2
9,01	0,60	1,2
9,03	0,61	1,2
9,05	0,57	1,2
9,08	0,60	1,2
9,10	0,61	1,2
9,13	0,65	1,2
9,15	0,57	1,2
9,18	0,61	1,2
9,20	0,58	1,2
9,23	0,62	1,2
9,25	0,59	1,2
9,27	0,60	1,2
9,30	0,57	1,2
9,32	0,63	1,2
9,35	0,62	1,2
9,37	0,66	1,2
9,40	0,62	1,2
9,42	0,65	1,2
9,45	0,65	1,2
9,47	0,68	1,2
9,49	0,66	1,2
9,52	0,68	1,2
9,54	0,66	1,2
9,57	0,68	1,2
9,59	0,69	1,2
9,62	0,69	1,2
9,64	0,68	1,2
9,67	0,67	1,2
9,69	0,66	1,2
9,71	0,70	1,2
9,74	0,71	1,2
9,76	0,71	1,2
9,79	0,72	1,2
9,81	0,71	1,2
9,84	0,74	1,2
9,86	0,74	1,2
9,89	0,73	1,2
9,91	0,72	1,2
9,93	0,71	1,2
9,96	0,69	1,2
9,98	0,70	1,2
10,01	0,66	1,2
10,03	0,68	1,2
10,06	0,68	1,2
10,08	0,69	1,2
10,10	0,69	1,2
10,13	0,71	1,2
10,15	0,69	1,2
10,18	0,76	1,2
10,20	0,75	1,2
10,23	0,77	1,2
10,25	0,77	1,2
10,28	0,78	1,2
10,30	0,75	1,2
10,32	0,78	1,2
10,35	0,73	1,2
10,37	0,76	1,2
10,40	0,74	1,2
10,42	0,74	1,2
10,45	0,75	1,2
10,47	0,79	1,2
10,50	0,78	1,2
10,52	0,81	1,2
10,54	0,79	1,2
10,57	0,82	1,2
10,59	0,81	1,2
10,62	0,83	1,2
10,64	0,82	1,2
10,67	0,82	1,2
10,69	0,78	1,2
10,72	0,81	1,2
10,74	0,78	1,2
10,76	0,82	1,2
10,79	0,78	1,2
10,81	0,81	1,2
10,84	0,79	1,2
10,86	0,82	1,2
10,89	0,80	1,2
10,91	0,86	1,2
10,94	0,82	1,2
10,96	0,84	1,2
10,98	0,83	1,2
11,01	0,87	1,2
11,03	0,88	1,2
11,06	0,91	1,2
11,08	0,85	1,2
11,11	0,88	1,2
11,13	0,87	1,2
11,15	0,88	1,2
11,18	0,88	1,2
11,20	0,86	1,2
11,23	0,84	1,2
11,25	0,87	1,2
11,28	0,87	1,2
11,30	0,91	1,2
11,33	0,91	1,2
11,35	0,88	1,2
11,37	0,89	1,2
11,40	0,88	1,2
11,42	0,89	1,2
11,45	0,91	1,2
11,47	0,90	1,2
11,50	0,89	1,2
11,52	0,90	1,2
11,55	0,91	1,2
11,57	0,96	1,2
11,59	0,94	1,2
11,62	0,96	1,2
11,64	0,96	1,2
11,67	0,98	1,2
11,69	1,00	1,2
11,72	1,01	1,2
11,74	0,99	1,2
11,77	1,00	1,2
11,79	0,98	1,2
11,81	0,97	1,2
11,84	0,97	1,2
11,86	0,95	1,2
11,89	0,95	1,2
11,91	0,99	1,2
11,94	0,98	1,2
11,96	1,02	1,2
11,99	1,01	1,2
12,01	1,03	1,2
12,03	1,06	1,2
12,06	1,09	1,2
12,08	1,05	1,2
12,11	1,08	1,2
12,13	1,04	1,2
12,16	1,08	1,2
12,18	1,05	1,2
12,21	1,05	1,2
12,23	1,02	1,2
12,25	1,03	1,2
12,28	1,00	1,2
12,30	1,07	1,2
12,33	1,04	1,2
12,35	1,08	1,2
12,38	1,07	1,2
12,40	1,12	1,2
12,42	1,12	1,2
12,45	1,17	1,2
12,47	1,12	1,2
12,50	1,15	1,2
12,52	1,13	1,2
12,55	1,15	1,2
12,57	1,14	1,2
12,60	1,15	1,2
12,62	1,12	1,2
12,64	1,15	1,2
12,67	1,14	1,2
12,69	1,17	1,2
12,72	1,16	1,2
12,74	1,17	1,2
12,77	1,19	1,2
12,79	1,21	1,2
12,82	1,21	1,2
12,84	1,22	1,2
12,86	1,20	1,2
12,89	1,19	1,2
12,91	1,19	1,2
12,94	1,18	1,2
12,96	1,20	1,2
12,99	1,20	1,2
13,01	1,21	1,2
13,04	1,22	1,2
13,06	1,24	1,2
13,08	1,25	1,2
13,11	1,30	1,2
13,13	1,29	1,2
13,16	1,30	1,2
13,18	1,29	1,2
13,21	1,29	1,2
13,23	1,30	1,2
13,26	1,32	1,2
13,28	1,28	1,2
13,30	1,31	1,2
13,33	1,28	1,2
13,35	1,30	1,2
13,38	1,28	1,2
13,40	1,29	1,2
13,43	1,28	1,2
13,45	1,30	1,2
13,47	1,27	1,2
13,50	1,34	1,2
13,52	1,32	1,2
13,55	1,36	1,2
13,57	1,36	1,2
13,60	1,36	1,2
13,62	1,36	1,2
13,65	1,36	1,2
13,67	1,31	1,2
13,69	1,35	1,2
13,72	1,32	1,2
13,74	1,33	1,2
13,77	1,32	1,2
13,79	1,34	1,2
13,82	1,31	1,2
13,84	1,38	1,2
13,87	1,34	1,2
13,89	1,37	1,2
13,91	1,34	1,2
13,94	1,37	1,2
13,96	1,36	1,2
13,99	1,41	1,2
14,01	1,34	1,2
14,04	1,40	1,2
14,06	1,36	1,2
14,09	1,40	1,2
14,11	1,37	1,2
14,13	1,38	1,2
14,16	1,32	1,2
14,18	1,35	1,2
14,21	1,30	1,2
14,23	1,36	1,2
14,26	1,33	1,2
14,28	1,35	1,2
14,31	1,32	1,2
14,33	1,34	1,2
14,35	1,33	1,2
14,38	1,37	1,2
14,40	1,34	1,2
14,43	1,33	1,2
14,45	1,31	1,2
14,48	1,32	1,2
14,50	1,36	1,2
14,52	1,36	1,2
14,55	1,35	1,2
14,57	1,36	1,2
14,60	1,36	1,2
14,62	1,38	1,2
14,65	1,39	1,2
14,67	1,38	1,2
14,70	1,38	1,2
14,72	1,36	1,2
14,74	1,36	1,2
14,77	1,36	1,2
14,79	1,35	1,2
14,82	1,34	1,2
14,84	1,34	1,2
14,87	1,33	1,2
14,89	1,35	1,2
14,92	1,34	1,2
14,94	1,37	1,2
14,96	1,40	1,2
14,99	1,40	1,2
15,01	1,40	1,2
15,04	1,43	1,2
15,06	1,38	1,2
15,09	1,39	1,2
15,11	1,38	1,2
15,14	1,36	1,2
15,16	1,36	1,2
15,18	1,36	1,2
15,21	1,33	1,2
15,23	1,41	1,2
15,26	1,41	1,2
15,28	1,42	1,2
15,31	1,39	1,2
15,33	1,43	1,2
15,36	1,42	1,2
15,38	1,48	1,2
15,40	1,44	1,2
15,43	1,48	1,2
15,45	1,46	1,2
15,48	1,50	1,2
15,50	1,48	1,2
15,53	1,51	1,2
15,55	1,47	1,2
15,57	1,49	1,2
15,60	1,44	1,2
15,62	1,49	1,2
15,65	1,46	1,2
15,67	1,49	1,2
15,70	1,50	1,2
15,72	1,52	1,2
15,75	1,49	1,2
15,77	1,55	1,2
15,79	1,51	1,2
15,82	1,53	1,2
15,84	1,50	1,2
15,87	1,50	1,2
15,89	1,49	1,2
15,92	1,53	1,2
15,94	1,51	1,2
15,97	1,55	1,2
15,99	1,55	1,2
16,01	1,57	1,2
16,04	1,59	1,2
16,06	1,61	1,2
16,09	1,61	1,2
16,11	1,62	1,2
16,14	1,62	1,2
16,16	1,64	1,2
16,19	1,67	1,2
16,21	1,67	1,2
16,23	1,70	1,2
16,26	1,68	1,2
16,28	1,69	1,2
16,31	1,69	1,2
16,33	1,71	1,2
16,36	1,72	1,2
16,38	1,74	1,2
16,41	1,72	1,2
16,43	1,79	1,2
16,45	1,76	1,2
16,48	1,81	1,2
16,50	1,80	1,2
16,53	1,83	1,2
16,55	1,81	1,2
16,58	1,84	1,2
16,60	1,80	1,2
16,63	1,86	1,2
16,65	1,81	1,2
16,67	1,84	1,2
16,70	1,82	1,2
16,72	1,86	1,2
16,75	1,84	1,2
16,77	1,90	1,2
16,80	1,88	1,2
16,82	1,93	1,2
16,84	1,93	1,2
16,87	2,00	1,2
16,89	1,98	1,2
16,92	2,03	1,2
16,94	2,03	1,2
16,97	2,11	1,2
16,99	2,07	1,2
17,02	2,11	1,2
17,04	2,06	1,2
17,06	2,11	1,2
17,09	2,10	1,2
17,11	2,15	1,2
17,14	2,09	1,2
17,16	2,18	1,2
17,19	2,15	1,2
17,21	2,21	1,2
17,24	2,18	1,2
17,26	2,23	1,2
17,28	2,17	1,2
17,31	2,24	1,2
17,33	2,21	1,2
17,36	2,27	1,2
17,38	2,22	1,2
17,41	2,26	1,2
17,43	2,25	1,2
17,46	2,31	1,2
17,48	2,28	1,2
17,50	2,30	1,2
17,53	2,28	1,2
17,55	2,33	1,2
17,58	2,33	1,2
17,60	2,36	1,2
17,63	2,35	1,2
17,65	2,35	1,2
17,68	2,34	1,2
17,70	2,37	1,2
17,72	2,36	1,2
17,75	2,38	1,2
17,77	2,38	1,2
17,80	2,37	1,2
17,82	2,39	1,2
17,85	2,40	1,2
17,87	2,41	1,2
17,89	2,43	1,2
17,92	2,43	1,2
17,94	2,40	1,2
17,97	2,42	1,2
17,99	2,40	1,2
18,02	2,42	1,2
18,04	2,40	1,2
18,07	2,42	1,2
18,09	2,40	1,2
18,11	2,41	1,2
18,14	2,40	1,2
18,16	2,43	1,2
18,19	2,40	1,2
18,21	2,41	1,2
18,24	2,37	1,2
18,26	2,38	1,2
18,29	2,36	1,2
18,31	2,39	1,2
18,33	2,35	1,2
18,36	2,37	1,2
18,38	2,36	1,2
18,41	2,40	1,2
18,43	2,40	1,2
18,46	2,41	1,2
18,48	2,38	1,2
18,51	2,42	1,2
18,53	2,39	1,2
18,55	2,40	1,2
18,58	2,36	1,2
18,60	2,37	1,2
18,63	2,37	1,2
18,65	2,40	1,2
18,68	2,33	1,2
18,70	2,37	1,2
18,73	2,33	1,2
18,75	2,36	1,2
18,77	2,32	1,2
18,80	2,34	1,2
18,82	2,29	1,2
18,85	2,31	1,2
18,87	2,26	1,2
18,90	2,30	1,2
18,92	2,25	1,2
18,94	2,25	1,2
18,97	2,22	1,2
18,99	2,25	1,2
19,02	2,24	1,2
19,04	2,26	1,2
19,07	2,21	1,2
19,09	2,24	1,2
19,12	2,24	1,2
19,14	2,25	1,2
19,16	2,25	1,2
19,19	2,24	1,2
19,21	2,21	1,2
19,24	2,23	1,2
19,26	2,22	1,2
19,29	2,23	1,2
19,31	2,22	1,2
19,34	2,19	1,2
19,36	2,19	1,2
19,38	2,19	1,2
19,41	2,19	1,2
19,43	2,18	1,2
19,46	2,17	1,2
19,48	2,15	1,2
19,51	2,16	1,2
19,53	2,14	1,2
19,56	2,15	1,2
19,58	2,12	1,2
19,60	2,12	1,2
19,63	2,13	1,2
19,65	2,14	1,2
19,68	2,12	1,2
19,70	2,15	1,2
19,73	2,13	1,2
19,75	2,16	1,2
19,78	2,16	1,2
19,80	2,16	1,2
19,82	2,14	1,2
19,85	2,19	1,2
19,87	2,18	1,2
19,90	2,21	1,2
19,92	2,19	1,2
19,95	2,21	1,2
19,97	2,20	1,2
19,99	2,22	1,2
20,02	2,18	1,2
20,04	2,21	1,2
20,07	2,17	1,2
20,09	2,20	1,2
20,12	2,16	1,2
20,14	2,20	1,2
20,17	2,19	1,2
20,19	2,23	1,2
20,21	2,19	1,2
20,24	2,22	1,2
20,26	2,20	1,2
20,29	2,26	1,2
20,31	2,21	1,2
20,34	2,25	1,2
20,36	2,24	1,2
20,39	2,30	1,2
20,41	2,28	1,2
20,43	2,34	1,2
20,46	2,30	1,2
20,48	2,36	1,2
20,51	2,33	1,2
20,53	2,38	1,2
20,56	2,37	1,2
20,58	2,41	1,2
20,61	2,39	1,2
20,63	2,44	1,2
20,65	2,42	1,2
20,68	2,47	1,2
20,70	2,46	1,2
20,73	2,47	1,2
20,75	2,50	1,2
20,78	2,54	1,2
20,80	2,55	1,2
20,83	2,59	1,2
20,85	2,58	1,2
20,87	2,60	1,2
20,90	2,62	1,2
20,92	2,62	1,2
20,95	2,64	1,2
20,97	2,66	1,2
21,00	2,68	1,2
21,02	2,70	1,2
21,05	2,72	1,2
21,07	2,74	1,2
21,09	2,81	1,2
21,12	2,82	1,2
21,14	2,89	1,2
21,17	2,90	1,2
21,19	2,93	1,2
21,22	2,96	1,2
21,24	3,02	1,2
21,26	3,00	1,2
21,29	3,05	1,2
21,31	3,04	1,2
21,34	3,07	1,2
21,36	3,12	1,2
21,39	3,16	1,2
21,41	3,15	1,2
21,44	3,21	1,2
21,46	3,19	1,2
21,48	3,27	1,2
21,51	3,27	1,2
21,53	3,29	1,2
21,56	3,32	1,2
21,58	3,36	1,2
21,61	3,33	1,2
21,63	3,38	1,2
21,66	3,36	1,2
21,68	3,42	1,2
21,70	3,41	1,2
21,73	3,46	1,2
21,75	3,47	1,2
21,78	3,54	1,2
21,80	3,55	1,2
21,83	3,64	1,2
21,85	3,61	1,2
21,88	3,69	1,2
21,90	3,66	1,2
21,92	3,72	1,2
21,95	3,72	1,2
21,97	3,79	1,2
22,00	3,75	1,2
22,02	3,82	1,2
22,05	3,79	1,2
22,07	3,88	1,2
22,10	3,88	1,2
22,12	3,94	1,2
22,14	3,89	1,2
22,17	3,92	1,2
22,19	3,90	1,2
22,22	3,97	1,2
22,24	3,95	1,2
22,27	3,95	1,2
22,29	3,93	1,2
22,31	3,97	1,2
22,34	3,98	1,2
22,36	4,01	1,2
22,39	3,98	1,2
22,41	3,99	1,2
22,44	3,98	1,2
22,46	3,99	1,2
22,49	4,00	1,2
22,51	3,99	1,2
22,53	3,99	1,2
22,56	3,99	1,2
22,58	3,98	1,2
22,61	3,99	1,2
22,63	4,01	1,2
22,66	4,00	1,2
22,68	4,02	1,2
22,71	4,01	1,2
22,73	4,00	1,2
22,75	3,99	1,2
22,78	3,98	1,2
22,80	3,95	1,2
22,83	3,98	1,2
22,85	3,93	1,2
22,88	3,93	1,2
22,90	3,92	1,2
22,93	3,92	1,2
22,95	3,92	1,2
22,97	3,92	1,2
23,00	3,86	1,2
23,02	3,89	1,2
23,05	3,85	1,2
23,07	3,83	1,2
23,10	3,80	1,2
23,12	3,80	1,2
23,15	3,76	1,2
23,17	3,75	1,2
23,19	3,68	1,2
23,22	3,70	1,2
23,24	3,67	1,2
23,27	3,66	1,2
23,29	3,63	1,2
23,32	3,62	1,2
23,34	3,58	1,2
23,36	3,60	1,2
23,39	3,54	1,2
23,41	3,57	1,2
23,44	3,52	1,2
23,46	3,51	1,2
23,49	3,48	1,2
23,51	3,51	1,2
23,54	3,47	1,2
23,56	3,52	1,2
23,58	3,44	1,2
23,61	3,47	1,2
23,63	3,44	1,2
23,66	3,44	1,2
23,68	3,40	1,2
23,71	3,40	1,2
23,73	3,31	1,2
23,76	3,35	1,2
23,78	3,29	1,2
23,80	3,30	1,2
23,83	3,25	1,2
23,85	3,24	1,2
23,88	3,21	1,2
23,90	3,23	1,2
23,93	3,18	1,2
23,95	3,20	1,2
23,98	3,16	1,2
24,00	3,16	1,2
24,02	3,17	1,2
24,05	3,18	1,2
24,07	3,17	1,2
24,10	3,16	1,2
24,12	3,13	1,2
24,15	3,13	1,2
24,17	3,14	1,2
24,20	3,12	1,2
24,22	3,11	1,2
24,24	3,08	1,2
24,27	3,08	1,2
24,29	3,09	1,2
24,32	3,12	1,2
24,34	3,11	1,2
24,37	3,13	1,2
24,39	3,10	1,2
24,42	3,14	1,2
24,44	3,13	1,2
24,46	3,13	1,2
24,49	3,09	1,2
24,51	3,14	1,2
24,54	3,10	1,2
24,56	3,13	1,2
24,59	3,08	1,2
24,61	3,11	1,2
24,63	3,08	1,2
24,66	3,14	1,2
24,68	3,11	1,2
24,71	3,17	1,2
24,73	3,14	1,2
24,76	3,22	1,2
24,78	3,20	1,2
24,81	3,27	1,2
24,83	3,23	1,2
24,85	3,24	1,2
24,88	3,20	1,2
24,90	3,26	1,2
24,93	3,21	1,2
24,95	3,26	1,2
24,98	3,22	1,2
25,00	3,27	1,2
25,03	3,27	1,2
25,05	3,35	1,2
25,07	3,33	1,2
25,10	3,41	1,2
25,12	3,38	1,2
25,15	3,47	1,2
25,17	3,45	1,2
25,20	3,51	1,2
25,22	3,50	1,2
25,25	3,55	1,2
25,27	3,53	1,2
25,29	3,60	1,2
25,32	3,56	1,2
25,34	3,65	1,2
25,37	3,62	1,2
25,39	3,67	1,2
25,42	3,68	1,2
25,44	3,76	1,2
25,47	3,76	1,2
25,49	3,84	1,2
25,51	3,81	1,2
25,54	3,86	1,2
25,56	3,88	1,2
25,59	3,94	1,2
25,61	3,95	1,2
25,64	3,99	1,2
25,66	3,99	1,2
25,68	4,04	1,2
25,71	4,08	1,2
25,73	4,13	1,2
25,76	4,18	1,2
25,78	4,20	1,2
25,81	4,23	1,2
25,83	4,27	1,2
25,86	4,31	1,2
25,88	4,38	1,2
25,90	4,42	1,2
25,93	4,43	1,2
25,95	4,50	1,2
25,98	4,53	1,2
26,00	4,60	1,2
26,03	4,65	1,2
26,05	4,70	1,2
26,08	4,74	1,2
26,10	4,79	1,2
26,12	4,82	1,2
26,15	4,93	1,2
26,17	4,94	1,2
26,20	5,02	1,2
26,22	5,07	1,2
26,25	5,13	1,2
26,27	5,16	1,2
26,30	5,24	1,2
26,32	5,24	1,2
26,34	5,31	1,2
26,37	5,32	1,2
26,39	5,36	1,2
26,42	5,38	1,2
26,44	5,44	1,2
26,47	5,44	1,2
26,49	5,52	1,2
26,52	5,54	1,2
26,54	5,60	1,2
26,56	5,62	1,2
26,59	5,70	1,2
26,61	5,71	1,2
26,64	5,79	1,2
26,66	5,78	1,2
26,69	5,84	1,2
26,71	5,82	1,2
26,73	5,90	1,2
26,76	5,91	1,2
26,78	5,99	1,2
26,81	5,97	1,2
26,83	6,03	1,2
26,86	6,03	1,2
26,88	6,12	1,2
26,91	6,09	1,2
26,93	6,14	1,2
26,95	6,12	1,2
26,98	6,20	1,2
27,00	6,21	1,2
27,03	6,27	1,2
27,05	6,23	1,2
27,08	6,26	1,2
27,10	6,25	1,2
27,13	6,29	1,2
27,15	6,27	1,2
27,17	6,26	1,2
27,20	6,21	1,2
27,22	6,25	1,2
27,25	6,24	1,2
27,27	6,26	1,2
27,30	6,24	1,2
27,32	6,22	1,2
27,35	6,24	1,2
27,37	6,26	1,2
27,39	6,25	1,2
27,42	6,23	1,2
27,44	6,18	1,2
27,47	6,15	1,2
27,49	6,13	1,2
27,52	6,08	1,2
27,54	6,09	1,2
27,57	6,04	1,2
27,59	6,04	1,2
27,61	6,03	1,2
27,64	6,02	1,2
27,66	5,99	1,2
27,69	6,01	1,2
27,71	5,96	1,2
27,74	5,97	1,2
27,76	5,92	1,2
27,78	5,89	1,2
27,81	5,83	1,2
27,83	5,82	1,2
27,86	5,75	1,2
27,88	5,74	1,2
27,91	5,68	1,2
27,93	5,65	1,2
27,96	5,60	1,2
27,98	5,60	1,2
28,00	5,53	1,2
28,03	5,51	1,2
28,05	5,45	1,2
28,08	5,43	1,2
28,10	5,34	1,2
28,13	5,33	1,2
28,15	5,25	1,2
28,18	5,20	1,2
28,20	5,14	1,2
28,22	5,11	1,2
28,25	5,03	1,2
28,27	5,06	1,2
28,30	5,01	1,2
28,32	5,04	1,2
28,35	5,00	1,2
28,37	4,99	1,2
28,40	4,93	1,2
28,42	4,95	1,2
28,44	4,88	1,2
28,47	4,88	1,2
28,49	4,79	1,2
28,52	4,79	1,2
28,54	4,72	1,2
28,57	4,75	1,2
28,59	4,64	1,2
28,62	4,64	1,2
28,64	4,55	1,2
28,66	4,57	1,2
28,69	4,52	1,2
28,71	4,53	1,2
28,74	4,46	1,2
28,76	4,48	1,2
28,79	4,43	1,2
28,81	4,51	1,2
28,84	4,48	1,2
28,86	4,47	1,2
28,88	4,44	1,2
28,91	4,43	1,2
28,93	4,43	1,2
28,96	4,43	1,2
28,98	4,37	1,2
29,01	4,35	1,2
29,03	4,33	1,2
29,05	4,32	1,2
29,08	4,34	1,2
29,10	4,33	1,2
29,13	4,33	1,2
29,15	4,32	1,2
29,18	4,32	1,2
29,20	4,34	1,2
29,23	4,37	1,2
29,25	4,34	1,2
29,27	4,37	1,2
29,30	4,35	1,2
29,32	4,36	1,2
29,35	4,37	1,2
29,37	4,40	1,2
29,40	4,39	1,2
29,42	4,45	1,2
29,45	4,44	1,2
29,47	4,48	1,2
29,49	4,48	1,2
29,52	4,50	1,2
29,54	4,53	1,2
29,57	4,58	1,2
29,59	4,56	1,2
29,62	4,59	1,2
29,64	4,56	1,2
29,67	4,61	1,2
29,69	4,63	1,2
29,71	4,66	1,2
29,74	4,65	1,2
29,76	4,72	1,2
29,79	4,72	1,2
29,81	4,81	1,2
29,84	4,81	1,2
29,86	4,87	1,2
29,89	4,88	1,2
29,91	4,94	1,2
29,93	4,93	1,2
29,96	5,01	1,2
29,98	5,01	1,2
30,01	5,10	1,2
30,03	5,11	1,2
30,06	5,16	1,2
30,08	5,18	1,2
30,10	5,24	1,2
30,13	5,26	1,2
30,15	5,34	1,2
30,18	5,34	1,2
30,20	5,42	1,2
30,23	5,45	1,2
30,25	5,53	1,2
30,28	5,59	1,2
30,30	5,64	1,2
30,32	5,63	1,2
30,35	5,72	1,2
30,37	5,73	1,2
30,40	5,80	1,2
30,42	5,82	1,2
30,45	5,86	1,2
30,47	5,91	1,2
30,50	6,01	1,2
30,52	6,05	1,2
30,54	6,13	1,2
30,57	6,18	1,2
30,59	6,24	1,2
30,62	6,33	1,2
30,64	6,40	1,2
30,67	6,45	1,2
30,69	6,50	1,2
30,72	6,54	1,2
30,74	6,61	1,2
30,76	6,69	1,2
30,79	6,74	1,2
30,81	6,82	1,2
30,84	6,84	1,2
30,86	6,93	1,2
30,89	7,00	1,2
30,91	7,09	1,2
30,94	7,16	1,2
30,96	7,24	1,2
30,98	7,28	1,2
31,01	7,40	1,2
31,03	7,43	1,2
31,06	7,52	1,2
31,08	7,56	1,2
31,11	7,64	1,2
31,13	7,68	1,2
31,15	7,75	1,2
31,18	7,77	1,2
31,20	7,88	1,2
31,23	7,90	1,2
31,25	7,98	1,2
31,28	8,02	1,2
31,30	8,12	1,2
31,33	8,17	1,2
31,35	8,28	1,2
31,37	8,28	1,2
31,40	8,36	1,2
31,42	8,41	1,2
31,45	8,48	1,2
31,47	8,51	1,2
31,50	8,58	1,2
31,52	8,59	1,2
31,55	8,70	1,2
31,57	8,70	1,2
31,59	8,76	1,2
31,62	8,76	1,2
31,64	8,83	1,2
31,67	8,85	1,2
31,69	8,93	1,2
31,72	8,90	1,2
31,74	8,99	1,2
31,77	8,98	1,2
31,79	9,05	1,2
31,81	9,04	1,2
31,84	9,07	1,2
31,86	9,04	1,2
31,89	9,10	1,2
31,91	9,09	1,2
31,94	9,13	1,2
31,96	9,06	1,2
31,99	9,07	1,2
32,01	9,05	1,2
32,03	9,08	1,2
32,06	9,05	1,2
32,08	9,05	1,2
32,11	9,00	1,2
32,13	9,03	1,2
32,16	9,02	1,2
32,18	9,03	1,2
32,20	8,99	1,2
32,23	8,96	1,2
32,25	8,91	1,2
32,28	8,91	1,2
32,30	8,87	1,2
32,33	8,83	1,2
32,35	8,76	1,2
32,38	8,71	1,2
32,40	8,69	1,2
32,42	8,65	1,2
32,45	8,60	1,2
32,47	8,57	1,2
32,50	8,52	1,2
32,52	8,45	1,2
32,55	8,41	1,2
32,57	8,34	1,2
32,60	8,30	1,2
32,62	8,24	1,2
32,64	8,17	1,2
32,67	8,11	1,2
32,69	8,04	1,2
32,72	7,98	1,2
32,74	7,97	1,2
32,77	7,90	1,2
32,79	7,85	1,2
32,82	7,81	1,2
32,84	7,76	1,2
32,86	7,72	1,2
32,89	7,66	1,2
32,91	7,55	1,2
32,94	7,49	1,2
32,96	7,41	1,2
32,99	7,32	1,2
33,01	7,25	1,2
33,04	7,18	1,2
33,06	7,12	1,2
33,08	7,09	1,2
33,11	7,01	1,2
33,13	7,00	1,2
33,16	6,94	1,2
33,18	6,89	1,2
33,21	6,85	1,2
33,23	6,82	1,2
33,26	6,70	1,2
33,28	6,68	1,2
33,30	6,57	1,2
33,33	6,56	1,2
33,35	6,48	1,2
33,38	6,45	1,2
33,40	6,36	1,2
33,43	6,36	1,2
33,45	6,27	1,2
33,47	6,30	1,2
33,50	6,21	1,2
33,52	6,21	1,2
33,55	6,14	1,2
33,57	6,16	1,2
33,60	6,11	1,2
33,62	6,12	1,2
33,65	6,02	1,2
33,67	6,03	1,2
33,69	5,97	1,2
33,72	5,99	1,2
33,74	5,95	1,2
33,77	5,94	1,2
33,79	5,90	1,2
33,82	5,93	1,2
33,84	5,91	1,2
33,87	5,95	1,2
33,89	5,92	1,2
33,91	5,89	1,2
33,94	5,88	1,2
33,96	5,87	1,2
33,99	5,87	1,2
34,01	5,87	1,2
34,04	5,85	1,2
34,06	5,84	1,2
34,09	5,85	1,2
34,11	5,86	1,2
34,13	5,90	1,2
34,16	5,90	1,2
34,18	5,93	1,2
34,21	5,94	1,2
34,23	5,97	1,2
34,26	5,98	1,2
34,28	6,03	1,2
34,31	6,02	1,2
34,33	6,08	1,2
34,35	6,08	1,2
34,38	6,11	1,2
34,40	6,13	1,2
34,43	6,18	1,2
34,45	6,19	1,2
34,48	6,26	1,2
34,50	6,25	1,2
34,52	6,31	1,2
34,55	6,34	1,2
34,57	6,39	1,2
34,60	6,41	1,2
34,62	6,48	1,2
34,65	6,48	1,2
34,67	6,57	1,2
34,70	6,60	1,2
34,72	6,66	1,2
34,74	6,72	1,2
34,77	6,81	1,2
34,79	6,84	1,2
34,82	6,94	1,2
34,84	6,97	1,2
34,87	7,05	1,2
34,89	7,08	1,2
34,92	7,13	1,2
34,94	7,17	1,2
34,96	7,25	1,2
34,99	7,25	1,2
35,01	7,37	1,2
35,04	7,40	1,2
35,06	7,51	1,2
35,09	7,55	1,2
35,11	7,63	1,2
35,14	7,67	1,2
35,16	7,79	1,2
35,18	7,80	1,2
35,21	7,90	1,2
35,23	7,93	1,2
35,26	8,06	1,2
35,28	8,10	1,2
35,31	8,19	1,2
35,33	8,23	1,2
35,36	8,34	1,2
35,38	8,39	1,2
35,40	8,50	1,2
35,43	8,52	1,2
35,45	8,62	1,2
35,48	8,68	1,2
35,50	8,76	1,2
35,53	8,83	1,2
35,55	8,93	1,2
35,57	8,99	1,2
35,60	9,08	1,2
35,62	9,14	1,2
35,65	9,22	1,2
35,67	9,34	1,2
35,70	9,42	1,2
35,72	9,51	1,2
35,75	9,59	1,2
35,77	9,67	1,2
35,79	9,77	1,2
35,82	9,89	1,2
35,84	9,95	1,2
35,87	10,05	1,2
35,89	10,10	1,2
35,92	10,19	1,2
35,94	10,29	1,2
35,97	10,39	1,2
35,99	10,44	1,2
36,01	10,54	1,2
36,04	10,60	1,2
36,06	10,73	1,2
36,09	10,80	1,2
36,11	10,89	1,2
36,14	10,96	1,2
36,16	11,03	1,2
36,19	11,05	1,2
36,21	11,16	1,2
36,23	11,17	1,2
36,26	11,24	1,2
36,28	11,30	1,2
36,31	11,35	1,2
36,33	11,43	1,2
36,36	11,53	1,2
36,38	11,55	1,2
36,41	11,65	1,2
36,43	11,69	1,2
36,45	11,77	1,2
36,48	11,81	1,2
36,50	11,88	1,2
36,53	11,90	1,2
36,55	11,98	1,2
36,58	11,98	1,2
36,60	12,06	1,2
36,62	12,04	1,2
36,65	12,11	1,2
36,67	12,11	1,2
36,70	12,17	1,2
36,72	12,15	1,2
36,75	12,20	1,2
36,77	12,16	1,2
36,80	12,24	1,2
36,82	12,21	1,2
36,84	12,22	1,2
36,87	12,17	1,2
36,89	12,19	1,2
36,92	12,14	1,2
36,94	12,16	1,2
36,97	12,10	1,2
36,99	12,12	1,2
37,02	12,05	1,2
37,04	12,04	1,2
37,06	12,00	1,2
37,09	12,01	1,2
37,11	11,95	1,2
37,14	11,92	1,2
37,16	11,84	1,2
37,19	11,82	1,2
37,21	11,77	1,2
37,24	11,74	1,2
37,26	11,67	1,2
37,28	11,63	1,2
37,31	11,55	1,2
37,33	11,53	1,2
37,36	11,47	1,2
37,38	11,40	1,2
37,41	11,36	1,2
37,43	11,27	1,2
37,46	11,20	1,2
37,48	11,12	1,2
37,50	11,04	1,2
37,53	10,96	1,2
37,55	10,89	1,2
37,58	10,75	1,2
37,60	10,68	1,2
37,63	10,59	1,2
37,65	10,52	1,2
37,68	10,43	1,2
37,70	10,35	1,2
37,72	10,24	1,2
37,75	10,18	1,2
37,77	10,10	1,2
37,80	10,04	1,2
37,82	9,94	1,2
37,85	9,87	1,2
37,87	9,81	1,2
37,89	9,75	1,2
37,92	9,65	1,2
37,94	9,59	1,2
37,97	9,48	1,2
37,99	9,42	1,2
38,02	9,33	1,2
38,04	9,24	1,2
38,07	9,16	1,2
38,09	9,10	1,2
38,11	8,98	1,2
38,14	8,98	1,2
38,16	8,86	1,2
38,19	8,81	1,2
38,21	8,71	1,2
38,24	8,67	1,2
38,26	8,61	1,2
38,29	8,58	1,2
38,31	8,45	1,2
38,33	8,44	1,2
38,36	8,33	1,2
38,38	8,33	1,2
38,41	8,25	1,2
38,43	8,22	1,2
38,46	8,14	1,2
38,48	8,13	1,2
38,51	8,05	1,2
38,53	8,09	1,2
38,55	8,02	1,2
38,58	8,01	1,2
38,60	7,96	1,2
38,63	7,99	1,2
38,65	7,95	1,2
38,68	7,95	1,2
38,70	7,89	1,2
38,73	7,89	1,2
38,75	7,87	1,2
38,77	7,88	1,2
38,80	7,85	1,2
38,82	7,84	1,2
38,85	7,82	1,2
38,87	7,87	1,2
38,90	7,87	1,2
38,92	7,90	1,2
38,94	7,87	1,2
38,97	7,87	1,2
38,99	7,90	1,2
39,02	7,92	1,2
39,04	7,91	1,2
39,07	7,93	1,2
39,09	7,92	1,2
39,12	7,93	1,2
39,14	7,96	1,2
39,16	7,98	1,2
39,19	8,02	1,2
39,21	8,05	1,2
39,24	8,09	1,2
39,26	8,12	1,2
39,29	8,19	1,2
39,31	8,22	1,2
39,34	8,31	1,2
39,36	8,34	1,2
39,38	8,40	1,2
39,41	8,41	1,2
39,43	8,47	1,2
39,46	8,50	1,2
39,48	8,60	1,2
39,51	8,59	1,2
39,53	8,67	1,2
39,56	8,71	1,2
39,58	8,82	1,2
39,60	8,88	1,2
39,63	8,97	1,2
39,65	8,99	1,2
39,68	9,09	1,2
39,70	9,13	1,2
39,73	9,26	1,2
39,75	9,29	1,2
39,78	9,35	1,2
39,80	9,40	1,2
39,82	9,49	1,2
39,85	9,52	1,2
39,87	9,64	1,2
39,90	9,65	1,2
39,92	9,77	1,2
39,95	9,83	1,2
39,97	9,94	1,2
39,99	10,01	1,2
40,02	10,13	1,2
40,04	10,16	1,2
40,07	10,30	1,2
40,09	10,35	1,2
40,12	10,46	1,2
40,14	10,51	1,2
40,17	10,63	1,2
40,19	10,69	1,2
40,21	10,82	1,2
40,24	10,85	1,2
40,26	10,98	1,2
40,29	11,05	1,2
40,31	11,18	1,2
40,34	11,27	1,2
40,36	11,39	1,2
40,39	11,46	1,2
40,41	11,58	1,2
40,43	11,65	1,2
40,46	11,82	1,2
40,48	11,90	1,2
40,51	11,98	1,2
40,53	12,05	1,2
40,56	12,14	1,2
40,58	12,23	1,2
40,61	12,36	1,2
40,63	12,43	1,2
40,65	12,53	1,2
40,68	12,62	1,2
40,70	12,73	1,2
40,73	12,87	1,2
40,75	12,98	1,2
40,78	13,08	1,2
40,80	13,18	1,2
40,83	13,29	1,2
40,85	13,39	1,2
40,87	13,51	1,2
40,90	13,59	1,2
40,92	13,72	1,2
40,95	13,81	1,2
40,97	13,90	1,2
41,00	14,00	1,2
41,02	14,13	1,2
41,05	14,20	1,2
41,07	14,33	1,2
41,09	14,38	1,2
41,12	14,47	1,2
41,14	14,52	1,2
41,17	14,57	1,2
41,19	14,64	1,2
41,22	14,72	1,2
41,24	14,75	1,2
41,26	14,85	1,2
41,29	14,87	1,2
41,31	14,99	1,2
41,34	15,05	1,2
41,36	15,10	1,2
41,39	15,15	1,2
41,41	15,21	1,2
41,44	15,22	1,2
41,46	15,31	1,2
41,48	15,30	1,2
41,51	15,36	1,2
41,53	15,41	1,2
41,56	15,44	1,2
41,58	15,47	1,2
41,61	15,53	1,2
41,63	15,51	1,2
41,66	15,60	1,2
41,68	15,57	1,2
41,70	15,57	1,2
41,73	15,55	1,2
41,75	15,58	1,2
41,78	15,51	1,2
41,80	15,56	1,2
41,83	15,50	1,2
41,85	15,54	1,2
41,88	15,49	1,2
41,90	15,52	1,2
41,92	15,47	1,2
41,95	15,48	1,2
41,97	15,40	1,2
42,00	15,40	1,2
42,02	15,30	1,2
42,05	15,27	1,2
42,07	15,17	1,2
42,10	15,11	1,2
42,12	15,04	1,2
42,14	15,00	1,2
42,17	14,91	1,2
42,19	14,88	1,2
42,22	14,80	1,2
42,24	14,77	1,2
42,27	14,75	1,2
42,29	14,68	1,2
42,31	14,59	1,2
42,34	14,51	1,2
42,36	14,41	1,2
42,39	14,32	1,2
42,41	14,24	1,2
42,44	14,12	1,2
42,46	14,03	1,2
42,49	13,91	1,2
42,51	13,82	1,2
42,53	13,74	1,2
42,56	13,67	1,2
42,58	13,57	1,2
42,61	13,49	1,2
42,63	13,36	1,2
42,66	13,33	1,2
42,68	13,21	1,2
42,71	13,10	1,2
42,73	12,97	1,2
42,75	12,86	1,2
42,78	12,72	1,2
42,80	12,65	1,2
42,83	12,52	1,2
42,85	12,44	1,2
42,88	12,34	1,2
42,90	12,28	1,2
42,93	12,20	1,2
42,95	12,15	1,2
42,97	12,04	1,2
43,00	11,98	1,2
43,02	11,87	1,2
43,05	11,82	1,2
43,07	11,70	1,2
43,10	11,63	1,2
43,12	11,52	1,2
43,15	11,47	1,2
43,17	11,36	1,2
43,19	11,35	1,2
43,22	11,23	1,2
43,24	11,18	1,2
43,27	11,08	1,2
43,29	11,06	1,2
43,32	10,98	1,2
43,34	10,95	1,2
43,36	10,84	1,2
43,39	10,86	1,2
43,41	10,77	1,2
43,44	10,78	1,2
43,46	10,69	1,2
43,49	10,65	1,2
43,51	10,57	1,2
43,54	10,57	1,2
43,56	10,48	1,2
43,58	10,49	1,2
43,61	10,40	1,2
43,63	10,37	1,2
43,66	10,35	1,2
43,68	10,37	1,2
43,71	10,32	1,2
43,73	10,33	1,2
43,76	10,29	1,2
43,78	10,31	1,2
43,80	10,31	1,2
43,83	10,34	1,2
43,85	10,33	1,2
43,88	10,34	1,2
43,90	10,33	1,2
43,93	10,35	1,2
43,95	10,37	1,2
43,98	10,39	1,2
44,00	10,40	1,2
44,02	10,42	1,2
44,05	10,44	1,2
44,07	10,46	1,2
44,10	10,51	1,2
44,12	10,57	1,2
44,15	10,61	1,2
44,17	10,63	1,2
44,20	10,67	1,2
44,22	10,69	1,2
44,24	10,76	1,2
44,27	10,79	1,2
44,29	10,82	1,2
44,32	10,86	1,2
44,34	10,91	1,2
44,37	10,94	1,2
44,39	11,07	1,2
44,41	11,10	1,2
44,44	11,20	1,2
44,46	11,24	1,2
44,49	11,32	1,2
44,51	11,40	1,2
44,54	11,50	1,2
44,56	11,51	1,2
44,59	11,63	1,2
44,61	11,68	1,2
44,63	11,77	1,2
44,66	11,85	1,2
44,68	11,93	1,2
44,71	12,00	1,2
44,73	12,12	1,2
44,76	12,19	1,2
44,78	12,30	1,2
44,81	12,38	1,2
44,83	12,46	1,2
44,85	12,59	1,2
44,88	12,70	1,2
44,90	12,78	1,2
44,93	12,90	1,2
44,95	12,94	1,2
44,98	13,07	1,2
45,00	13,15	1,2
45,03	13,23	1,2
45,05	13,29	1,2
45,07	13,40	1,2
45,10	13,46	1,2
45,12	13,62	1,2
45,15	13,70	1,2
45,17	13,84	1,2
45,20	13,93	1,2
45,22	14,09	1,2
45,25	14,20	1,2
45,27	14,35	1,2
45,29	14,41	1,2
45,32	14,53	1,2
45,34	14,61	1,2
45,37	14,75	1,2
45,39	14,84	1,2
45,42	14,93	1,2
45,44	15,02	1,2
45,47	15,14	1,2
45,49	15,27	1,2
45,51	15,42	1,2
45,54	15,53	1,2
45,56	15,64	1,2
45,59	15,79	1,2
45,61	15,91	1,2
45,64	16,05	1,2
45,66	16,16	1,2
45,68	16,25	1,2
45,71	16,33	1,2
45,73	16,44	1,2
45,76	16,53	1,2
45,78	16,66	1,2
45,81	16,74	1,2
45,83	16,87	1,2
45,86	16,98	1,2
45,88	17,12	1,2
45,90	17,22	1,2
45,93	17,36	1,2
45,95	17,46	1,2
45,98	17,60	1,2
46,00	17,67	1,2
46,03	17,78	1,2
46,05	17,84	1,2
46,08	17,95	1,2
46,10	18,01	1,2
46,12	18,11	1,2
46,15	18,14	1,2
46,17	18,26	1,2
46,20	18,32	1,2
46,22	18,43	1,2
46,25	18,51	1,2
46,27	18,59	1,2
46,30	18,62	1,2
46,32	18,74	1,2
46,34	18,75	1,2
46,37	18,82	1,2
46,39	18,86	1,2
46,42	18,92	1,2
46,44	18,93	1,2
46,47	18,99	1,2
46,49	18,99	1,2
46,52	19,08	1,2
46,54	19,06	1,2
46,56	19,15	1,2
46,59	19,15	1,2
46,61	19,22	1,2
46,64	19,23	1,2
46,66	19,31	1,2
46,69	19,28	1,2
46,71	19,37	1,2
46,73	19,32	1,2
46,76	19,35	1,2
46,78	19,32	1,2
46,81	19,35	1,2
46,83	19,29	1,2
46,86	19,31	1,2
46,88	19,23	1,2
46,91	19,26	1,2
46,93	19,22	1,2
46,95	19,20	1,2
46,98	19,14	1,2
47,00	19,11	1,2
47,03	19,04	1,2
47,05	19,05	1,2
47,08	18,97	1,2
47,10	18,92	1,2
47,13	18,85	1,2
47,15	18,81	1,2
47,17	18,77	1,2
47,20	18,74	1,2
47,22	18,65	1,2
47,25	18,59	1,2
47,27	18,48	1,2
47,30	18,40	1,2
47,32	18,34	1,2
47,35	18,25	1,2
47,37	18,13	1,2
47,39	18,04	1,2
47,42	17,95	1,2
47,44	17,88	1,2
47,47	17,83	1,2
47,49	17,71	1,2
47,52	17,64	1,2
47,54	17,55	1,2
47,57	17,47	1,2
47,59	17,37	1,2
47,61	17,28	1,2
47,64	17,15	1,2
47,66	17,04	1,2
47,69	16,89	1,2
47,71	16,79	1,2
47,74	16,64	1,2
47,76	16,52	1,2
47,78	16,41	1,2
47,81	16,34	1,2
47,83	16,23	1,2
47,86	16,15	1,2
47,88	16,05	1,2
47,91	15,99	1,2
47,93	15,88	1,2
47,96	15,79	1,2
47,98	15,65	1,2
48,00	15,56	1,2
48,03	15,43	1,2
48,05	15,34	1,2
48,08	15,22	1,2
48,10	15,14	1,2
48,13	15,02	1,2
48,15	14,97	1,2
48,18	14,85	1,2
48,20	14,81	1,2
48,22	14,70	1,2
48,25	14,64	1,2
48,27	14,52	1,2
48,30	14,48	1,2
48,32	14,37	1,2
48,35	14,34	1,2
48,37	14,24	1,2
48,40	14,20	1,2
48,42	14,10	1,2
48,44	14,10	1,2
48,47	14,00	1,2
48,49	13,98	1,2
48,52	13,92	1,2
48,54	13,90	1,2
48,57	13,83	1,2
48,59	13,84	1,2
48,62	13,77	1,2
48,64	13,77	1,2
48,66	13,70	1,2
48,69	13,67	1,2
48,71	13,64	1,2
48,74	13,64	1,2
48,76	13,60	1,2
48,79	13,62	1,2
48,81	13,59	1,2
48,84	13,64	1,2
48,86	13,62	1,2
48,88	13,64	1,2
48,91	13,65	1,2
48,93	13,68	1,2
48,96	13,68	1,2
48,98	13,73	1,2
49,01	13,72	1,2
49,03	13,79	1,2
49,05	13,79	1,2
49,08	13,85	1,2
49,10	13,87	1,2
49,13	13,92	1,2
49,15	13,94	1,2
49,18	13,99	1,2
49,20	14,02	1,2
49,23	14,08	1,2
49,25	14,11	1,2
49,27	14,15	1,2
49,30	14,20	1,2
49,32	14,27	1,2
49,35	14,34	1,2
49,37	14,45	1,2
49,40	14,52	1,2
49,42	14,58	1,2
49,45	14,66	1,2
49,47	14,72	1,2
49,49	14,81	1,2
49,52	14,87	1,2
49,54	14,94	1,2
49,57	15,00	1,2
49,59	15,08	1,2
49,62	15,14	1,2
49,64	15,27	1,2
49,67	15,32	1,2
49,69	15,42	1,2
49,71	15,48	1,2
49,74	15,59	1,2
49,76	15,71	1,2
49,79	15,85	1,2
49,81	15,92	1,2
49,84	16,05	1,2
49,86	16,12	1,2
49,89	16,24	1,2
49,91	16,35	1,2
49,93	16,47	1,2
49,96	16,54	1,2
49,98	16,66	1,2
50,01	16,76	1,2
50,03	16,93	1,2
50,06	17,04	1,2
50,08	17,15	1,2
50,10	17,28	1,2
50,13	17,44	1,2
50,15	17,54	1,2
50,18	17,69	1,2
50,20	17,77	1,2
50,23	17,92	1,2
50,25	18,02	1,2
50,28	18,14	1,2
50,30	18,22	1,2
50,32	18,35	1,2
50,35	18,44	1,2
50,37	18,63	1,2
50,40	18,71	1,2
50,42	18,88	1,2
50,45	18,99	1,2
50,47	19,17	1,2
50,50	19,31	1,2
50,52	19,49	1,2
50,54	19,56	1,2
50,57	19,72	1,2
50,59	19,81	1,2
50,62	19,95	1,2
50,64	20,05	1,2
50,67	20,17	1,2
50,69	20,25	1,2
50,72	20,40	1,2
50,74	20,51	1,2
50,76	20,68	1,2
50,79	20,81	1,2
50,81	20,94	1,2
50,84	21,08	1,2
50,86	21,24	1,2
50,89	21,36	1,2
50,91	21,50	1,2
50,94	21,60	1,2
50,96	21,69	1,2
50,98	21,78	1,2
51,01	21,85	1,2
51,03	21,96	1,2
51,06	22,05	1,2
51,08	22,17	1,2
51,11	22,26	1,2
51,13	22,37	1,2
51,15	22,47	1,2
51,18	22,62	1,2
51,20	22,69	1,2
51,23	22,82	1,2
51,25	22,86	1,2
51,28	22,97	1,2
51,30	23,05	1,2
51,33	23,15	1,2
51,35	23,19	1,2
51,37	23,27	1,2
51,40	23,30	1,2
51,42	23,38	1,2
51,45	23,41	1,2
51,47	23,48	1,2
51,50	23,53	1,2
51,52	23,61	1,2
51,55	23,63	1,2
51,57	23,72	1,2
51,59	23,72	1,2
51,62	23,80	1,2
51,64	23,80	1,2
51,67	23,84	1,2
51,69	23,84	1,2
51,72	23,91	1,2
51,74	23,87	1,2
51,77	23,92	1,2
51,79	23,87	1,2
51,81	23,89	1,2
51,84	23,85	1,2
51,86	23,85	1,2
51,89	23,80	1,2
51,91	23,82	1,2
51,94	23,78	1,2
51,96	23,85	1,2
51,99	23,80	1,2
52,01	23,81	1,2
52,03	23,77	1,2
52,06	23,78	1,2
52,08	23,71	1,2
52,11	23,72	1,2
52,13	23,61	1,2
52,16	23,61	1,2
52,18	23,55	1,2
52,20	23,52	1,2
52,23	23,43	1,2
52,25	23,40	1,2
52,28	23,31	1,2
52,30	23,31	1,2
52,33	23,21	1,2
52,35	23,15	1,2
52,38	23,05	1,2
52,40	22,99	1,2
52,42	22,90	1,2
52,45	22,84	1,2
52,47	22,71	1,2
52,50	22,63	1,2
52,52	22,50	1,2
52,55	22,41	1,2
52,57	22,32	1,2
52,60	22,21	1,2
52,62	22,10	1,2
52,64	22,02	1,2
52,67	21,93	1,2
52,69	21,86	1,2
52,72	21,80	1,2
52,74	21,69	1,2
52,77	21,60	1,2
52,79	21,49	1,2
52,82	21,36	1,2
52,84	21,26	1,2
52,86	21,14	1,2
52,89	21,01	1,2
52,91	20,91	1,2
52,94	20,79	1,2
52,96	20,70	1,2
52,99	20,59	1,2
53,01	20,49	1,2
53,04	20,40	1,2
53,06	20,31	1,2
53,08	20,22	1,2
53,11	20,14	1,2
53,13	20,03	1,2
53,16	19,98	1,2
53,18	19,85	1,2
53,21	19,76	1,2
53,23	19,67	1,2
53,26	19,57	1,2
53,28	19,46	1,2
53,30	19,42	1,2
53,33	19,35	1,2
53,35	19,34	1,2
53,38	19,25	1,2
53,40	19,19	1,2
53,43	19,13	1,2
53,45	19,11	1,2
53,47	19,02	1,2
53,50	18,98	1,2
53,52	18,86	1,2
53,55	18,85	1,2
53,57	18,79	1,2
53,60	18,79	1,2
53,62	18,73	1,2
53,65	18,74	1,2
53,67	18,66	1,2
53,69	18,70	1,2
53,72	18,65	1,2
53,74	18,68	1,2
53,77	18,62	1,2
53,79	18,63	1,2
53,82	18,59	1,2
53,84	18,64	1,2
53,87	18,60	1,2
53,89	18,61	1,2
53,91	18,57	1,2
53,94	18,59	1,2
53,96	18,58	1,2
53,99	18,61	1,2
54,01	18,60	1,2
54,04	18,64	1,2
54,06	18,64	1,2
54,09	18,68	1,2
54,11	18,71	1,2
54,13	18,75	1,2
54,16	18,78	1,2
54,18	18,81	1,2
54,21	18,84	1,2
54,23	18,90	1,2
54,26	18,94	1,2
54,28	19,01	1,2
54,31	19,11	1,2
54,33	19,16	1,2
54,35	19,25	1,2
54,38	19,31	1,2
54,40	19,40	1,2
54,43	19,49	1,2
54,45	19,56	1,2
54,48	19,57	1,2
54,50	19,68	1,2
54,52	19,72	1,2
54,55	19,83	1,2
54,57	19,90	1,2
54,60	20,00	1,2
54,62	20,09	1,2
54,65	20,21	1,2
54,67	20,28	1,2
54,70	20,45	1,2
54,72	20,50	1,2
54,74	20,62	1,2
54,77	20,70	1,2
54,79	20,81	1,2
54,82	20,92	1,2
54,84	21,07	1,2
54,87	21,14	1,2
54,89	21,33	1,2
54,92	21,45	1,2
54,94	21,61	1,2
54,96	21,73	1,2
54,99	21,89	1,2
55,01	22,00	1,2
55,04	22,19	1,2
55,06	22,27	1,2
55,09	22,44	1,2
55,11	22,53	1,2
55,14	22,67	1,2
55,16	22,79	1,2
55,18	22,94	1,2
55,21	23,02	1,2
55,23	23,18	1,2
55,26	23,25	1,2
55,28	23,42	1,2
55,31	23,55	1,2
55,33	23,71	1,2
55,36	23,79	1,2
55,38	23,97	1,2
55,40	24,11	1,2
55,43	24,31	1,2
55,45	24,39	1,2
55,48	24,54	1,2
55,50	24,67	1,2
55,53	24,85	1,2
55,55	24,96	1,2
55,57	25,12	1,2
55,60	25,22	1,2
55,62	25,42	1,2
55,65	25,55	1,2
55,67	25,72	1,2
55,70	25,87	1,2
55,72	26,03	1,2
55,75	26,17	1,2
55,77	26,35	1,2
55,79	26,47	1,2
55,82	26,63	1,2
55,84	26,75	1,2
55,87	26,86	1,2
55,89	27,02	1,2
55,92	27,14	1,2
55,94	27,30	1,2
55,97	27,46	1,2
55,99	27,60	1,2
56,01	27,73	1,2
56,04	27,88	1,2
56,06	27,99	1,2
56,09	28,16	1,2
56,11	28,27	1,2
56,14	28,39	1,2
56,16	28,50	1,2
56,19	28,62	1,2
56,21	28,71	1,2
56,23	28,87	1,2
56,26	28,94	1,2
56,28	29,06	1,2
56,31	29,17	1,2
56,33	29,31	1,2
56,36	29,42	1,2
56,38	29,56	1,2
56,41	29,63	1,2
56,43	29,75	1,2
56,45	29,81	1,2
56,48	29,91	1,2
56,50	29,99	1,2
56,53	30,06	1,2
56,55	30,13	1,2
56,58	30,24	1,2
56,60	30,28	1,2
56,62	30,41	1,2
56,65	30,45	1,2
56,67	30,52	1,2
56,70	30,60	1,2
56,72	30,70	1,2
56,75	30,73	1,2
56,77	30,81	1,2
56,80	30,80	1,2
56,82	30,88	1,2
56,84	30,89	1,2
56,87	30,93	1,2
56,89	30,92	1,2
56,92	30,97	1,2
56,94	30,98	1,2
56,97	31,09	1,2
56,99	31,09	1,2
57,02	31,14	1,2
57,04	31,14	1,2
57,06	31,19	1,2
57,09	31,19	1,2
57,11	31,20	1,2
57,14	31,11	1,2
57,16	31,11	1,2
57,19	31,05	1,2
57,21	31,08	1,2
57,24	31,06	1,2
57,26	31,05	1,2
57,28	31,01	1,2
57,31	31,03	1,2
57,33	30,99	1,2
57,36	31,00	1,2
57,38	30,92	1,2
57,41	30,85	1,2
57,43	30,78	1,2
57,46	30,74	1,2
57,48	30,67	1,2
57,50	30,63	1,2
57,53	30,53	1,2
57,55	30,48	1,2
57,58	30,41	1,2
57,60	30,36	1,2
57,63	30,30	1,2
57,65	30,21	1,2
57,68	30,13	1,2
57,70	30,06	1,2
57,72	29,98	1,2
57,75	29,91	1,2
57,77	29,82	1,2
57,80	29,75	1,2
57,82	29,70	1,2
57,85	29,60	1,2
57,87	29,53	1,2
57,89	29,44	1,2
57,92	29,36	1,2
57,94	29,26	1,2
57,97	29,19	1,2
57,99	29,08	1,2
58,02	29,01	1,2
58,04	28,87	1,2
58,07	28,76	1,2
58,09	28,68	1,2
58,11	28,60	1,2
58,14	28,47	1,2
58,16	28,40	1,2
58,19	28,30	1,2
58,21	28,27	1,2
58,24	28,20	1,2
58,26	28,13	1,2
58,29	28,05	1,2
58,31	28,02	1,2
58,33	27,94	1,2
58,36	27,90	1,2
58,38	27,80	1,2
58,41	27,77	1,2
58,43	27,70	1,2
58,46	27,66	1,2
58,48	27,55	1,2
58,51	27,52	1,2
58,53	27,43	1,2
58,55	27,43	1,2
58,58	27,35	1,2
58,60	27,31	1,2
58,63	27,23	1,2
58,65	27,23	1,2
58,68	27,17	1,2
58,70	27,19	1,2
58,73	27,11	1,2
58,75	27,12	1,2
58,77	27,08	1,2
58,80	27,12	1,2
58,82	27,08	1,2
58,85	27,08	1,2
58,87	27,03	1,2
58,90	27,10	1,2
58,92	27,06	1,2
58,94	27,09	1,2
58,97	27,05	1,2
58,99	27,07	1,2
59,02	27,09	1,2
59,04	27,14	1,2
59,07	27,12	1,2
59,09	27,17	1,2
59,12	27,19	1,2
59,14	27,25	1,2
59,16	27,33	1,2
59,19	27,39	1,2
59,21	27,43	1,2
59,24	27,47	1,2
59,26	27,52	1,2
59,29	27,57	1,2
59,31	27,65	1,2
59,34	27,68	1,2
59,36	27,76	1,2
59,38	27,79	1,2
59,41	27,89	1,2
59,43	27,97	1,2
59,46	28,08	1,2
59,48	28,14	1,2
59,51	28,26	1,2
59,53	28,29	1,2
59,56	28,44	1,2
59,58	28,53	1,2
59,60	28,65	1,2
59,63	28,74	1,2
59,65	28,85	1,2
59,68	28,93	1,2
59,70	29,10	1,2
59,73	29,15	1,2
59,75	29,31	1,2
59,78	29,40	1,2
59,80	29,58	1,2
59,82	29,71	1,2
59,85	29,86	1,2
59,87	29,97	1,2
59,90	30,18	1,2
59,92	30,28	1,2
59,95	30,40	1,2
59,97	30,44	1,2
59,99	30,51	1,2
