Voltage U1	Corriente IA
U1/V	IA/nA

0,02	0,51
0,04	0,50
0,07	0,49
0,09	0,48
0,12	0,52
0,14	0,48
0,17	0,49
0,19	0,48
0,21	0,52
0,24	0,51
0,26	0,53
0,29	0,50
0,31	0,56
0,34	0,54
0,36	0,54
0,39	0,52
0,41	0,55
0,43	0,54
0,46	0,54
0,48	0,48
0,51	0,51
0,53	0,50
0,56	0,51
0,58	0,48
0,61	0,51
0,63	0,50
0,65	0,54
0,68	0,51
0,70	0,55
0,73	0,53
0,75	0,54
0,78	0,50
0,80	0,55
0,83	0,52
0,85	0,57
0,87	0,51
0,90	0,54
0,92	0,53
0,95	0,57
0,97	0,53
1,00	0,57
1,02	0,52
1,05	0,58
1,07	0,55
1,09	0,57
1,12	0,52
1,14	0,53
1,17	0,48
1,19	0,53
1,22	0,49
1,24	0,52
1,26	0,48
1,29	0,50
1,31	0,50
1,34	0,52
1,36	0,49
1,39	0,51
1,41	0,49
1,44	0,52
1,46	0,52
1,48	0,53
1,51	0,54
1,53	0,54
1,56	0,53
1,58	0,55
1,61	0,54
1,63	0,53
1,66	0,54
1,68	0,51
1,70	0,51
1,73	0,50
1,75	0,49
1,78	0,49
1,80	0,50
1,83	0,47
1,85	0,49
1,88	0,46
1,90	0,50
1,92	0,48
1,95	0,49
1,97	0,47
2,00	0,48
2,02	0,46
2,05	0,51
2,07	0,48
2,10	0,50
2,12	0,49
2,14	0,52
2,17	0,52
2,19	0,56
2,22	0,51
2,24	0,54
2,27	0,50
2,29	0,50
2,31	0,49
2,34	0,50
2,36	0,47
2,39	0,51
2,41	0,47
2,44	0,50
2,46	0,48
2,49	0,50
2,51	0,48
2,53	0,50
2,56	0,47
2,58	0,50
2,61	0,47
2,63	0,51
2,66	0,48
2,68	0,51
2,71	0,48
2,73	0,49
2,75	0,48
2,78	0,53
2,80	0,49
2,83	0,51
2,85	0,48
2,88	0,51
2,90	0,50
2,93	0,52
2,95	0,47
2,97	0,49
3,00	0,48
3,02	0,53
3,05	0,52
3,07	0,53
3,10	0,50
3,12	0,53
3,15	0,52
3,17	0,54
3,19	0,51
3,22	0,50
3,24	0,51
3,27	0,51
3,29	0,52
3,32	0,54
3,34	0,54
3,36	0,54
3,39	0,54
3,41	0,53
3,44	0,55
3,46	0,52
3,49	0,50
3,51	0,50
3,54	0,50
3,56	0,50
3,58	0,52
3,61	0,50
3,63	0,56
3,66	0,55
3,68	0,54
3,71	0,52
3,73	0,52
3,76	0,51
3,78	0,54
3,80	0,49
3,83	0,51
3,85	0,50
3,88	0,52
3,90	0,52
3,93	0,54
3,95	0,50
3,98	0,54
4,00	0,50
4,02	0,51
4,05	0,52
4,07	0,54
4,10	0,50
4,12	0,51
4,15	0,45
4,17	0,51
4,20	0,50
4,22	0,50
4,24	0,48
4,27	0,50
4,29	0,49
4,32	0,55
4,34	0,51
4,37	0,54
4,39	0,51
4,42	0,53
4,44	0,51
4,46	0,54
4,49	0,48
4,51	0,53
4,54	0,49
4,56	0,54
4,59	0,51
4,61	0,54
4,63	0,51
4,66	0,54
4,68	0,49
4,71	0,53
4,73	0,49
4,76	0,51
4,78	0,49
4,81	0,52
4,83	0,51
4,85	0,54
4,88	0,53
4,90	0,54
4,93	0,50
4,95	0,51
4,98	0,52
5,00	0,52
5,03	0,50
5,05	0,49
5,07	0,49
5,10	0,52
5,12	0,53
5,15	0,52
5,17	0,53
5,20	0,52
5,22	0,53
5,25	0,55
5,27	0,56
5,29	0,55
5,32	0,57
5,34	0,54
5,37	0,56
5,39	0,55
5,42	0,55
5,44	0,54
5,47	0,53
5,49	0,50
5,51	0,53
5,54	0,51
5,56	0,54
5,59	0,52
5,61	0,55
5,64	0,55
5,66	0,57
5,68	0,54
5,71	0,57
5,73	0,54
5,76	0,57
5,78	0,53
5,81	0,54
5,83	0,51
5,86	0,55
5,88	0,52
5,90	0,56
5,93	0,51
5,95	0,53
5,98	0,53
6,00	0,57
6,03	0,53
6,05	0,55
6,08	0,49
6,10	0,55
6,12	0,51
6,15	0,53
6,17	0,47
6,20	0,50
6,22	0,46
6,25	0,52
6,27	0,48
6,30	0,52
6,32	0,48
6,34	0,52
6,37	0,51
6,39	0,54
6,42	0,52
6,44	0,56
6,47	0,51
6,49	0,55
6,52	0,54
6,54	0,56
6,56	0,55
6,59	0,56
6,61	0,52
6,64	0,54
6,66	0,53
6,69	0,54
6,71	0,55
6,73	0,53
6,76	0,52
6,78	0,53
6,81	0,54
6,83	0,57
6,86	0,56
6,88	0,53
6,91	0,55
6,93	0,54
6,95	0,56
6,98	0,54
7,00	0,52
7,03	0,51
7,05	0,52
7,08	0,49
7,10	0,51
7,13	0,50
7,15	0,52
7,17	0,55
7,20	0,57
7,22	0,59
7,25	0,65
7,27	0,64
7,30	0,65
7,32	0,62
7,35	0,59
7,37	0,57
7,39	0,56
7,42	0,56
7,44	0,59
7,47	0,57
7,49	0,58
7,52	0,56
7,54	0,60
7,57	0,61
7,59	0,60
7,61	0,54
7,64	0,56
7,66	0,52
7,69	0,57
7,71	0,54
7,74	0,56
7,76	0,53
7,78	0,56
7,81	0,54
7,83	0,61
7,86	0,57
7,88	0,59
7,91	0,57
7,93	0,61
7,96	0,59
7,98	0,63
8,00	0,57
8,03	0,60
8,05	0,59
8,08	0,61
8,10	0,60
8,13	0,60
8,15	0,57
8,18	0,63
8,20	0,62
8,22	0,63
8,25	0,60
8,27	0,60
8,30	0,61
8,32	0,63
8,35	0,61
8,37	0,62
8,40	0,61
8,42	0,61
8,44	0,61
8,47	0,61
8,49	0,62
8,52	0,61
8,54	0,61
8,57	0,62
8,59	0,63
8,62	0,61
8,64	0,66
8,66	0,65
8,69	0,66
8,71	0,64
8,74	0,65
8,76	0,61
8,79	0,66
8,81	0,62
8,84	0,63
8,86	0,59
8,88	0,61
8,91	0,64
8,93	0,69
8,96	0,66
8,98	0,69
9,01	0,68
9,03	0,74
9,05	0,73
9,08	0,71
9,10	0,70
9,13	0,71
9,15	0,67
9,18	0,70
9,20	0,66
9,23	0,68
9,25	0,64
9,27	0,68
9,30	0,66
9,32	0,70
9,35	0,65
9,37	0,72
9,40	0,71
9,42	0,74
9,45	0,70
9,47	0,74
9,49	0,69
9,52	0,73
9,54	0,66
9,57	0,68
9,59	0,65
9,62	0,67
9,64	0,65
9,67	0,69
9,69	0,65
9,71	0,69
9,74	0,67
9,76	0,73
9,79	0,72
9,81	0,74
9,84	0,71
9,86	0,72
9,89	0,70
9,91	0,72
9,93	0,70
9,96	0,70
9,98	0,68
10,01	0,70
10,03	0,73
10,06	0,74
10,08	0,73
10,10	0,75
10,13	0,75
10,15	0,76
10,18	0,77
10,20	0,76
10,23	0,78
10,25	0,77
10,28	0,75
10,30	0,75
10,32	0,76
10,35	0,75
10,37	0,77
10,40	0,74
10,42	0,75
10,45	0,75
10,47	0,75
10,50	0,76
10,52	0,78
10,54	0,73
10,57	0,75
10,59	0,71
10,62	0,74
10,64	0,73
10,67	0,73
10,69	0,73
10,72	0,77
10,74	0,74
10,76	0,80
10,79	0,77
10,81	0,79
10,84	0,79
10,86	0,80
10,89	0,77
10,91	0,81
10,94	0,79
10,96	0,82
10,98	0,79
11,01	0,80
11,03	0,77
11,06	0,80
11,08	0,77
11,11	0,82
11,13	0,79
11,15	0,83
11,18	0,78
11,20	0,82
11,23	0,80
11,25	0,82
11,28	0,76
11,30	0,80
11,33	0,74
11,35	0,79
11,37	0,75
11,40	0,77
11,42	0,75
11,45	0,78
11,47	0,75
11,50	0,81
11,52	0,79
11,55	0,81
11,57	0,83
11,59	0,88
11,62	0,89
11,64	0,91
11,67	0,88
11,69	0,89
11,72	0,89
11,74	0,88
11,77	0,87
11,79	0,86
11,81	0,85
11,84	0,88
11,86	0,89
11,89	0,89
11,91	0,90
11,94	0,87
11,96	0,91
11,99	0,91
12,01	0,91
12,03	0,93
12,06	0,92
12,08	0,91
12,11	0,92
12,13	0,87
12,16	0,89
12,18	0,88
12,21	0,89
12,23	0,90
12,25	0,92
12,28	0,95
12,30	0,99
12,33	0,98
12,35	1,02
12,38	1,00
12,40	1,03
12,42	1,03
12,45	1,03
12,47	1,02
12,50	1,05
12,52	0,99
12,55	1,01
12,57	0,99
12,60	0,99
12,62	0,96
12,64	0,99
12,67	0,96
12,69	1,01
12,72	1,00
12,74	1,03
12,77	1,03
12,79	1,07
12,82	1,03
12,84	1,08
12,86	1,05
12,89	1,10
12,91	1,05
12,94	1,07
12,96	1,05
12,99	1,08
13,01	1,05
13,04	1,08
13,06	1,04
13,08	1,07
13,11	1,05
13,13	1,09
13,16	1,08
13,18	1,12
13,21	1,09
13,23	1,13
13,26	1,11
13,28	1,13
13,30	1,12
13,33	1,13
13,35	1,10
13,38	1,12
13,40	1,10
13,43	1,15
13,45	1,14
13,47	1,14
13,50	1,13
13,52	1,13
13,55	1,14
13,57	1,14
13,60	1,11
13,62	1,11
13,65	1,10
13,67	1,11
13,69	1,14
13,72	1,13
13,74	1,15
13,77	1,12
13,79	1,12
13,82	1,14
13,84	1,17
13,87	1,14
13,89	1,12
13,91	1,09
13,94	1,12
13,96	1,11
13,99	1,08
14,01	1,05
14,04	1,09
14,06	1,10
14,09	1,13
14,11	1,09
14,13	1,13
14,16	1,16
14,18	1,17
14,21	1,11
14,23	1,17
14,26	1,15
14,28	1,19
14,31	1,16
14,33	1,17
14,35	1,16
14,38	1,19
14,40	1,14
14,43	1,17
14,45	1,15
14,48	1,19
14,50	1,15
14,52	1,16
14,55	1,12
14,57	1,17
14,60	1,12
14,62	1,15
14,65	1,11
14,67	1,16
14,70	1,15
14,72	1,20
14,74	1,13
14,77	1,17
14,79	1,11
14,82	1,17
14,84	1,11
14,87	1,11
14,89	1,08
14,92	1,13
14,94	1,09
14,96	1,14
14,99	1,10
15,01	1,13
15,04	1,09
15,06	1,10
15,09	1,10
15,11	1,12
15,14	1,09
15,16	1,11
15,18	1,09
15,21	1,11
15,23	1,12
15,26	1,12
15,28	1,12
15,31	1,13
15,33	1,09
15,36	1,11
15,38	1,12
15,40	1,12
15,43	1,14
15,45	1,11
15,48	1,11
15,50	1,11
15,53	1,13
15,55	1,13
15,57	1,13
15,60	1,10
15,62	1,15
15,65	1,15
15,67	1,17
15,70	1,15
15,72	1,16
15,75	1,14
15,77	1,18
15,79	1,15
15,82	1,16
15,84	1,15
15,87	1,17
15,89	1,16
15,92	1,20
15,94	1,19
15,97	1,24
15,99	1,21
16,01	1,26
16,04	1,24
16,06	1,26
16,09	1,22
16,11	1,25
16,14	1,22
16,16	1,30
16,19	1,26
16,21	1,31
16,23	1,30
16,26	1,37
16,28	1,35
16,31	1,40
16,33	1,33
16,36	1,38
16,38	1,34
16,41	1,40
16,43	1,35
16,45	1,39
16,48	1,35
16,50	1,42
16,53	1,39
16,55	1,44
16,58	1,37
16,60	1,41
16,63	1,38
16,65	1,44
16,67	1,42
16,70	1,46
16,72	1,42
16,75	1,49
16,77	1,49
16,80	1,53
16,82	1,52
16,84	1,53
16,87	1,53
16,89	1,59
16,92	1,60
16,94	1,63
16,97	1,62
16,99	1,61
17,02	1,63
17,04	1,64
17,06	1,65
17,09	1,66
17,11	1,67
17,14	1,67
17,16	1,69
17,19	1,70
17,21	1,74
17,24	1,74
17,26	1,74
17,28	1,78
17,31	1,78
17,33	1,76
17,36	1,81
17,38	1,79
17,41	1,82
17,43	1,81
17,46	1,79
17,48	1,80
17,50	1,84
17,53	1,81
17,55	1,85
17,58	1,85
17,60	1,89
17,63	1,91
17,65	1,94
17,68	1,94
17,70	1,95
17,72	1,91
17,75	1,94
17,77	1,90
17,80	1,90
17,82	1,89
17,85	1,91
17,87	1,88
17,89	1,91
17,92	1,87
17,94	1,92
17,97	1,89
17,99	1,93
18,02	1,90
18,04	1,94
18,07	1,90
18,09	1,97
18,11	1,92
18,14	1,96
18,16	1,91
18,19	1,95
18,21	1,93
18,24	1,98
18,26	1,90
18,29	1,93
18,31	1,89
18,33	1,91
18,36	1,91
18,38	1,93
18,41	1,89
18,43	1,91
18,46	1,88
18,48	1,93
18,51	1,91
18,53	1,89
18,55	1,86
18,58	1,87
18,60	1,87
18,63	1,89
18,65	1,85
18,68	1,83
18,70	1,81
18,73	1,80
18,75	1,81
18,77	1,80
18,80	1,79
18,82	1,78
18,85	1,78
18,87	1,77
18,90	1,79
18,92	1,77
18,94	1,77
18,97	1,74
18,99	1,73
19,02	1,72
19,04	1,74
19,07	1,70
19,09	1,72
19,12	1,67
19,14	1,70
19,16	1,67
19,19	1,68
19,21	1,67
19,24	1,67
19,26	1,63
19,29	1,66
19,31	1,60
19,34	1,62
19,36	1,59
19,38	1,58
19,41	1,55
19,43	1,58
19,46	1,53
19,48	1,58
19,51	1,53
19,53	1,57
19,56	1,55
19,58	1,56
19,60	1,52
19,63	1,56
19,65	1,52
19,68	1,56
19,70	1,50
19,73	1,52
19,75	1,50
19,78	1,52
19,80	1,45
19,82	1,51
19,85	1,48
19,87	1,52
19,90	1,50
19,92	1,52
19,95	1,52
19,97	1,57
19,99	1,50
20,02	1,54
20,04	1,51
20,07	1,51
20,09	1,49
20,12	1,49
20,14	1,49
20,17	1,52
20,19	1,51
20,21	1,54
20,24	1,52
20,26	1,54
20,29	1,57
20,31	1,56
20,34	1,54
20,36	1,54
20,39	1,53
20,41	1,57
20,43	1,59
20,46	1,58
20,48	1,61
20,51	1,61
20,53	1,61
20,56	1,63
20,58	1,65
20,61	1,65
20,63	1,66
20,65	1,65
20,68	1,69
20,70	1,69
20,73	1,69
20,75	1,71
20,78	1,71
20,80	1,72
20,83	1,75
20,85	1,75
20,87	1,80
20,90	1,80
20,92	1,82
20,95	1,84
20,97	1,86
21,00	1,87
21,02	1,94
21,05	1,92
21,07	1,98
21,09	1,99
21,12	2,04
21,14	2,04
21,17	2,08
21,19	2,01
21,22	2,09
21,24	2,05
21,26	2,09
21,29	2,08
21,31	2,17
21,34	2,16
21,36	2,25
21,39	2,22
21,41	2,31
21,44	2,30
21,46	2,36
21,48	2,35
21,51	2,39
21,53	2,38
21,56	2,46
21,58	2,45
21,61	2,52
21,63	2,47
21,66	2,51
21,68	2,52
21,70	2,59
21,73	2,58
21,75	2,66
21,78	2,63
21,80	2,70
21,83	2,71
21,85	2,76
21,88	2,76
21,90	2,79
21,92	2,76
21,95	2,84
21,97	2,84
22,00	2,88
22,02	2,90
22,05	2,91
22,07	2,92
22,10	2,96
22,12	2,98
22,14	3,04
22,17	3,05
22,19	3,05
22,22	3,07
22,24	3,05
22,27	3,08
22,29	3,08
22,31	3,07
22,34	3,07
22,36	3,07
22,39	3,06
22,41	3,12
22,44	3,11
22,46	3,14
22,49	3,15
22,51	3,16
22,53	3,16
22,56	3,18
22,58	3,16
22,61	3,17
22,63	3,15
22,66	3,14
22,68	3,12
22,71	3,11
22,73	3,09
22,75	3,11
22,78	3,05
22,80	3,06
22,83	3,01
22,85	3,03
22,88	3,02
22,90	3,05
22,93	2,99
22,95	3,01
22,97	2,92
23,00	2,97
23,02	2,90
23,05	2,92
23,07	2,85
23,10	2,87
23,12	2,82
23,15	2,88
23,17	2,79
23,19	2,82
23,22	2,77
23,24	2,81
23,27	2,75
23,29	2,79
23,32	2,72
23,34	2,74
23,36	2,68
23,39	2,69
23,41	2,62
23,44	2,63
23,46	2,55
23,49	2,55
23,51	2,52
23,54	2,56
23,56	2,52
23,58	2,50
23,61	2,48
23,63	2,48
23,66	2,46
23,68	2,46
23,71	2,40
23,73	2,37
23,76	2,33
23,78	2,31
23,80	2,31
23,83	2,28
23,85	2,26
23,88	2,24
23,90	2,23
23,93	2,21
23,95	2,23
23,98	2,20
24,00	2,20
24,02	2,17
24,05	2,17
24,07	2,17
24,10	2,17
24,12	2,13
24,15	2,14
24,17	2,09
24,20	2,08
24,22	2,05
24,24	2,05
24,27	2,03
24,29	2,03
24,32	1,98
24,34	2,04
24,37	1,99
24,39	2,01
24,42	1,97
24,44	1,96
24,46	1,94
24,49	1,97
24,51	1,90
24,54	1,94
24,56	1,92
24,59	1,97
24,61	1,93
24,63	1,94
24,66	1,89
24,68	1,94
24,71	1,92
24,73	1,95
24,76	1,91
24,78	1,96
24,81	1,94
24,83	2,01
24,85	1,96
24,88	2,00
24,90	1,93
24,93	1,98
24,95	1,95
24,98	2,00
25,00	1,95
25,03	2,00
25,05	1,96
25,07	2,07
25,10	2,03
25,12	2,07
25,15	2,03
25,17	2,06
25,20	2,07
25,22	2,11
25,25	2,07
25,27	2,11
25,29	2,10
25,32	2,14
25,34	2,20
25,37	2,24
25,39	2,26
25,42	2,29
25,44	2,30
25,47	2,35
25,49	2,39
25,51	2,40
25,54	2,42
25,56	2,44
25,59	2,47
25,61	2,52
25,64	2,55
25,66	2,58
25,68	2,62
25,71	2,65
25,73	2,70
25,76	2,73
25,78	2,77
25,81	2,82
25,83	2,87
25,86	2,90
25,88	2,95
25,90	2,96
25,93	3,03
25,95	3,06
25,98	3,10
26,00	3,12
26,03	3,15
26,05	3,18
26,08	3,26
26,10	3,29
26,12	3,36
26,15	3,39
26,17	3,47
26,20	3,49
26,22	3,55
26,25	3,54
26,27	3,60
26,30	3,60
26,32	3,68
26,34	3,70
26,37	3,78
26,39	3,79
26,42	3,90
26,44	3,90
26,47	3,99
26,49	3,99
26,52	4,07
26,54	4,09
26,56	4,18
26,59	4,15
26,61	4,26
26,64	4,25
26,66	4,33
26,69	4,31
26,71	4,36
26,73	4,37
26,76	4,47
26,78	4,47
26,81	4,55
26,83	4,53
26,86	4,59
26,88	4,61
26,91	4,67
26,93	4,68
26,95	4,71
26,98	4,70
27,00	4,76
27,03	4,78
27,05	4,82
27,08	4,83
27,10	4,80
27,13	4,79
27,15	4,79
27,17	4,80
27,20	4,82
27,22	4,82
27,25	4,79
27,27	4,83
27,30	4,83
27,32	4,84
27,35	4,83
27,37	4,81
27,39	4,77
27,42	4,77
27,44	4,69
27,47	4,72
27,49	4,67
27,52	4,64
27,54	4,61
27,57	4,62
27,59	4,58
27,61	4,62
27,64	4,56
27,66	4,59
27,69	4,53
27,71	4,54
27,74	4,50
27,76	4,49
27,78	4,42
27,81	4,41
27,83	4,31
27,86	4,31
27,88	4,25
27,91	4,25
27,93	4,18
27,96	4,20
27,98	4,10
28,00	4,11
28,03	4,02
28,05	4,03
28,08	3,93
28,10	3,93
28,13	3,83
28,15	3,83
28,18	3,74
28,20	3,77
28,22	3,63
28,25	3,63
28,27	3,54
28,30	3,56
28,32	3,48
28,35	3,51
28,37	3,40
28,40	3,42
28,42	3,35
28,44	3,36
28,47	3,29
28,49	3,29
28,52	3,20
28,54	3,21
28,57	3,15
28,59	3,15
28,62	3,08
28,64	3,05
28,66	2,98
28,69	2,96
28,71	2,91
28,74	2,91
28,76	2,85
28,79	2,83
28,81	2,80
28,84	2,76
28,86	2,75
28,88	2,74
28,91	2,71
28,93	2,69
28,96	2,64
28,98	2,61
29,01	2,64
29,03	2,61
29,05	2,61
29,08	2,56
29,10	2,54
29,13	2,51
29,15	2,51
29,18	2,47
29,20	2,47
29,23	2,41
29,25	2,44
29,27	2,45
29,30	2,50
29,32	2,49
29,35	2,51
29,37	2,51
29,40	2,56
29,42	2,55
29,45	2,54
29,47	2,53
29,49	2,56
29,52	2,55
29,54	2,59
29,57	2,56
29,59	2,60
29,62	2,62
29,64	2,66
29,67	2,63
29,69	2,62
29,71	2,57
29,74	2,65
29,76	2,63
29,79	2,68
29,81	2,65
29,84	2,70
29,86	2,74
29,89	2,84
29,91	2,80
29,93	2,86
29,96	2,83
29,98	2,90
30,01	2,93
30,03	2,99
30,06	2,96
30,08	3,03
30,10	3,01
30,13	3,12
30,15	3,11
30,18	3,15
30,20	3,16
30,23	3,22
30,25	3,23
30,28	3,32
30,30	3,31
30,32	3,37
30,35	3,40
30,37	3,46
30,40	3,51
30,42	3,56
30,45	3,58
30,47	3,65
30,50	3,70
30,52	3,75
30,54	3,82
30,57	3,89
30,59	3,97
30,62	4,03
30,64	4,07
30,67	4,11
30,69	4,19
30,72	4,23
30,74	4,32
30,76	4,36
30,79	4,44
30,81	4,50
30,84	4,60
30,86	4,66
30,89	4,77
30,91	4,79
30,94	4,89
30,96	4,94
30,98	5,01
31,01	5,05
31,03	5,13
31,06	5,14
31,08	5,21
31,11	5,23
31,13	5,33
31,15	5,36
31,18	5,46
31,20	5,50
31,23	5,60
31,25	5,66
31,28	5,78
31,30	5,83
31,33	5,96
31,35	5,97
31,37	6,07
31,40	6,10
31,42	6,20
31,45	6,21
31,47	6,31
31,50	6,29
31,52	6,40
31,55	6,42
31,57	6,53
31,59	6,54
31,62	6,63
31,64	6,61
31,67	6,74
31,69	6,75
31,72	6,83
31,74	6,80
31,77	6,86
31,79	6,86
31,81	6,93
31,84	6,90
31,86	6,95
31,89	6,89
31,91	6,94
31,94	6,95
31,96	7,00
31,99	6,99
32,01	7,02
32,03	6,99
32,06	7,03
32,08	7,02
32,11	7,03
32,13	7,01
32,16	6,98
32,18	6,93
32,20	6,95
32,23	6,94
32,25	6,91
32,28	6,88
32,30	6,82
32,33	6,80
32,35	6,77
32,38	6,72
32,40	6,67
32,42	6,62
32,45	6,54
32,47	6,52
32,50	6,41
32,52	6,37
32,55	6,29
32,57	6,25
32,60	6,20
32,62	6,17
32,64	6,08
32,67	6,08
32,69	6,00
32,72	5,96
32,74	5,85
32,77	5,81
32,79	5,72
32,82	5,68
32,84	5,59
32,86	5,57
32,89	5,47
32,91	5,44
32,94	5,36
32,96	5,33
32,99	5,23
33,01	5,20
33,04	5,03
33,06	5,00
33,08	4,85
33,11	4,82
33,13	4,71
33,16	4,70
33,18	4,56
33,21	4,58
33,23	4,47
33,26	4,48
33,28	4,36
33,30	4,33
33,33	4,20
33,35	4,19
33,38	4,08
33,40	4,08
33,43	3,96
33,45	3,94
33,47	3,86
33,50	3,87
33,52	3,81
33,55	3,80
33,57	3,68
33,60	3,68
33,62	3,60
33,65	3,60
33,67	3,54
33,69	3,50
33,72	3,41
33,74	3,41
33,77	3,37
33,79	3,38
33,82	3,33
33,84	3,29
33,87	3,26
33,89	3,24
33,91	3,23
33,94	3,22
33,96	3,18
33,99	3,15
34,01	3,13
34,04	3,13
34,06	3,15
34,09	3,13
34,11	3,14
34,13	3,13
34,16	3,14
34,18	3,15
34,21	3,19
34,23	3,18
34,26	3,22
34,28	3,20
34,31	3,22
34,33	3,23
34,35	3,23
34,38	3,20
34,40	3,26
34,43	3,23
34,45	3,29
34,48	3,29
34,50	3,31
34,52	3,36
34,55	3,40
34,57	3,37
34,60	3,45
34,62	3,42
34,65	3,49
34,67	3,51
34,70	3,56
34,72	3,57
34,74	3,65
34,77	3,64
34,79	3,74
34,82	3,74
34,84	3,82
34,87	3,84
34,89	3,91
34,92	3,92
34,94	4,00
34,96	4,00
34,99	4,10
35,01	4,12
35,04	4,20
35,06	4,25
35,09	4,35
35,11	4,36
35,14	4,48
35,16	4,50
35,18	4,61
35,21	4,63
35,23	4,70
35,26	4,74
35,28	4,82
35,31	4,85
35,33	4,96
35,36	4,98
35,38	5,07
35,40	5,13
35,43	5,22
35,45	5,31
35,48	5,40
35,50	5,47
35,53	5,56
35,55	5,64
35,57	5,71
35,60	5,83
35,62	5,91
35,65	6,02
35,67	6,07
35,70	6,15
35,72	6,23
35,75	6,36
35,77	6,42
35,79	6,54
35,82	6,59
35,84	6,71
35,87	6,81
35,89	6,93
35,92	6,99
35,94	7,11
35,97	7,15
35,99	7,31
36,01	7,37
36,04	7,49
36,06	7,55
36,09	7,65
36,11	7,69
36,14	7,81
36,16	7,85
36,19	7,97
36,21	8,02
36,23	8,11
36,26	8,18
36,28	8,28
36,31	8,32
36,33	8,46
36,36	8,48
36,38	8,60
36,41	8,64
36,43	8,73
36,45	8,78
36,48	8,90
36,50	8,90
36,53	9,04
36,55	9,01
36,58	9,11
36,60	9,13
36,62	9,22
36,65	9,19
36,67	9,26
36,70	9,22
36,72	9,35
36,75	9,34
36,77	9,39
36,80	9,32
36,82	9,36
36,84	9,32
36,87	9,38
36,89	9,32
36,92	9,34
36,94	9,29
36,97	9,34
36,99	9,33
37,02	9,35
37,04	9,31
37,06	9,30
37,09	9,24
37,11	9,23
37,14	9,19
37,16	9,13
37,19	9,06
37,21	9,00
37,24	8,91
37,26	8,86
37,28	8,80
37,31	8,75
37,33	8,70
37,36	8,63
37,38	8,57
37,41	8,49
37,43	8,43
37,46	8,36
37,48	8,28
37,50	8,15
37,53	8,07
37,55	7,92
37,58	7,83
37,60	7,71
37,63	7,62
37,65	7,52
37,68	7,46
37,70	7,34
37,72	7,31
37,75	7,21
37,77	7,13
37,80	7,03
37,82	6,95
37,85	6,82
37,87	6,78
37,89	6,65
37,92	6,57
37,94	6,44
37,97	6,36
37,99	6,23
38,02	6,18
38,04	6,07
38,07	6,03
38,09	5,88
38,11	5,86
38,14	5,70
38,16	5,66
38,19	5,55
38,21	5,48
38,24	5,32
38,26	5,32
38,29	5,16
38,31	5,13
38,33	5,00
38,36	4,94
38,38	4,84
38,41	4,84
38,43	4,72
38,46	4,71
38,48	4,62
38,51	4,59
38,53	4,52
38,55	4,51
38,58	4,43
38,60	4,39
38,63	4,31
38,65	4,29
38,68	4,26
38,70	4,23
38,73	4,17
38,75	4,13
38,77	4,10
38,80	4,09
38,82	4,07
38,85	4,06
38,87	4,04
38,90	4,01
38,92	4,03
38,94	4,02
38,97	4,02
38,99	4,02
39,02	4,00
39,04	3,97
39,07	3,99
39,09	3,95
39,12	3,97
39,14	3,96
39,16	3,97
39,19	4,01
39,21	4,04
39,24	4,04
39,26	4,10
39,29	4,09
39,31	4,16
39,34	4,17
39,36	4,21
39,38	4,22
39,41	4,28
39,43	4,29
39,46	4,39
39,48	4,38
39,51	4,45
39,53	4,47
39,56	4,56
39,58	4,60
39,60	4,69
39,63	4,69
39,65	4,82
39,68	4,83
39,70	4,94
39,73	4,97
39,75	5,04
39,78	5,03
39,80	5,12
39,82	5,10
39,85	5,21
39,87	5,21
39,90	5,29
39,92	5,34
39,95	5,48
39,97	5,53
39,99	5,68
40,02	5,71
40,04	5,84
40,07	5,90
40,09	6,02
40,12	6,07
40,14	6,18
40,17	6,21
40,19	6,36
40,21	6,38
40,24	6,50
40,26	6,57
40,29	6,68
40,31	6,76
40,34	6,88
40,36	6,97
40,39	7,16
40,41	7,25
40,43	7,33
40,46	7,41
40,48	7,51
40,51	7,63
40,53	7,72
40,56	7,81
40,58	7,89
40,61	8,00
40,63	8,11
40,65	8,28
40,68	8,38
40,70	8,52
40,73	8,61
40,75	8,76
40,78	8,86
40,80	9,00
40,83	9,05
40,85	9,18
40,87	9,26
40,90	9,40
40,92	9,47
40,95	9,62
40,97	9,71
41,00	9,85
41,02	9,95
41,05	10,12
41,07	10,19
41,09	10,32
41,12	10,42
41,14	10,56
41,17	10,60
41,19	10,70
41,22	10,72
41,24	10,84
41,26	10,89
41,29	10,97
41,31	11,00
41,34	11,11
41,36	11,16
41,39	11,29
41,41	11,33
41,44	11,46
41,46	11,48
41,48	11,58
41,51	11,61
41,53	11,71
41,56	11,66
41,58	11,72
41,61	11,70
41,63	11,77
41,66	11,78
41,68	11,84
41,70	11,80
41,73	11,87
41,75	11,86
41,78	11,94
41,80	11,91
41,83	11,92
41,85	11,89
41,88	11,90
41,90	11,85
41,92	11,86
41,95	11,79
41,97	11,76
42,00	11,69
42,02	11,65
42,05	11,61
42,07	11,56
42,10	11,50
42,12	11,46
42,14	11,37
42,17	11,32
42,19	11,25
42,22	11,17
42,24	11,11
42,27	10,99
42,29	10,87
42,31	10,78
42,34	10,68
42,36	10,59
42,39	10,49
42,41	10,36
42,44	10,26
42,46	10,15
42,49	10,02
42,51	9,92
42,53	9,81
42,56	9,68
42,58	9,58
42,61	9,44
42,63	9,33
42,66	9,22
42,68	9,10
42,71	8,95
42,73	8,82
42,75	8,67
42,78	8,57
42,80	8,41
42,83	8,31
42,85	8,15
42,88	8,09
42,90	7,97
42,93	7,93
42,95	7,81
42,97	7,78
43,00	7,63
43,02	7,54
43,05	7,35
43,07	7,30
43,10	7,12
43,12	7,05
43,15	6,85
43,17	6,80
43,19	6,66
43,22	6,64
43,24	6,49
43,27	6,43
43,29	6,30
43,32	6,30
43,34	6,17
43,36	6,12
43,39	5,99
43,41	5,93
43,44	5,83
43,46	5,80
43,49	5,68
43,51	5,66
43,54	5,56
43,56	5,53
43,58	5,51
43,61	5,49
43,63	5,43
43,66	5,41
43,68	5,35
43,71	5,33
43,73	5,30
43,76	5,26
43,78	5,22
43,80	5,17
43,83	5,15
43,85	5,16
43,88	5,16
43,90	5,15
43,93	5,16
43,95	5,14
43,98	5,17
44,00	5,16
44,02	5,17
44,05	5,16
44,07	5,16
44,10	5,15
44,12	5,19
44,15	5,16
44,17	5,21
44,20	5,22
44,22	5,27
44,24	5,30
44,27	5,34
44,29	5,36
44,32	5,46
44,34	5,46
44,37	5,53
44,39	5,55
44,41	5,62
44,44	5,65
44,46	5,73
44,49	5,72
44,51	5,83
44,54	5,84
44,56	5,93
44,59	5,99
44,61	6,12
44,63	6,14
44,66	6,29
44,68	6,31
44,71	6,44
44,73	6,47
44,76	6,56
44,78	6,60
44,81	6,74
44,83	6,76
44,85	6,90
44,88	6,97
44,90	7,13
44,93	7,18
44,95	7,30
44,98	7,35
45,00	7,47
45,03	7,54
45,05	7,66
45,07	7,70
45,10	7,84
45,12	7,94
45,15	8,08
45,17	8,19
45,20	8,32
45,22	8,40
45,25	8,55
45,27	8,68
45,29	8,82
45,32	8,95
45,34	9,05
45,37	9,16
45,39	9,28
45,42	9,42
45,44	9,55
45,47	9,66
45,49	9,75
45,51	9,90
45,54	10,02
45,56	10,19
45,59	10,31
45,61	10,47
45,64	10,58
45,66	10,73
45,68	10,84
45,71	11,01
45,73	11,09
45,76	11,20
45,78	11,27
45,81	11,43
45,83	11,53
45,86	11,71
45,88	11,80
45,90	11,97
45,93	12,09
45,95	12,26
45,98	12,34
46,00	12,48
46,03	12,52
46,05	12,68
46,08	12,75
46,10	12,87
46,12	12,92
46,15	13,07
46,17	13,17
46,20	13,35
46,22	13,38
46,25	13,51
46,27	13,58
46,30	13,75
46,32	13,79
46,34	13,93
46,37	13,95
46,39	14,06
46,42	14,10
46,44	14,22
46,47	14,20
46,49	14,31
46,52	14,32
46,54	14,42
46,56	14,47
46,59	14,54
46,61	14,51
46,64	14,58
46,66	14,56
46,69	14,60
46,71	14,59
46,73	14,60
46,76	14,57
46,78	14,64
46,81	14,62
46,83	14,65
46,86	14,61
46,88	14,58
46,91	14,54
46,93	14,53
46,95	14,46
46,98	14,42
47,00	14,33
47,03	14,26
47,05	14,21
47,08	14,15
47,10	14,09
47,13	14,01
47,15	13,93
47,17	13,87
47,20	13,78
47,22	13,68
47,25	13,61
47,27	13,49
47,30	13,38
47,32	13,22
47,35	13,09
47,37	12,95
47,39	12,83
47,42	12,69
47,44	12,60
47,47	12,44
47,49	12,37
47,52	12,25
47,54	12,15
47,57	12,03
47,59	11,91
47,61	11,71
47,64	11,63
47,66	11,46
47,69	11,33
47,71	11,17
47,74	11,03
47,76	10,83
47,78	10,74
47,81	10,54
47,83	10,47
47,86	10,30
47,88	10,21
47,91	10,02
47,93	9,96
47,96	9,78
47,98	9,74
48,00	9,54
48,03	9,44
48,05	9,26
48,08	9,20
48,10	9,03
48,13	8,98
48,15	8,77
48,18	8,72
48,20	8,56
48,22	8,52
48,25	8,39
48,27	8,31
48,30	8,15
48,32	8,08
48,35	7,95
48,37	7,91
48,40	7,77
48,42	7,68
48,44	7,58
48,47	7,50
48,49	7,43
48,52	7,38
48,54	7,29
48,57	7,24
48,59	7,17
48,62	7,14
48,64	7,12
48,66	7,08
48,69	7,04
48,71	7,01
48,74	6,95
48,76	6,92
48,79	6,90
48,81	6,86
48,84	6,84
48,86	6,83
48,88	6,81
48,91	6,80
48,93	6,80
48,96	6,78
48,98	6,79
49,01	6,79
49,03	6,81
49,05	6,81
49,08	6,85
49,10	6,88
49,13	6,94
49,15	6,95
49,18	7,01
49,20	7,01
49,23	7,06
49,25	7,09
49,27	7,11
49,30	7,13
49,32	7,20
49,35	7,18
49,37	7,27
49,40	7,30
49,42	7,39
49,45	7,44
49,47	7,55
49,49	7,59
49,52	7,69
49,54	7,73
49,57	7,85
49,59	7,87
49,62	8,01
49,64	8,03
49,67	8,16
49,69	8,24
49,71	8,37
49,74	8,44
49,76	8,59
49,79	8,63
49,81	8,79
49,84	8,86
49,86	9,04
49,89	9,12
49,91	9,24
49,93	9,30
49,96	9,46
49,98	9,53
50,01	9,67
50,03	9,72
50,06	9,87
50,08	9,97
50,10	10,17
50,13	10,26
50,15	10,44
50,18	10,56
50,20	10,72
50,23	10,82
50,25	10,97
50,28	11,07
50,30	11,22
50,32	11,32
50,35	11,46
50,37	11,63
50,40	11,81
50,42	11,97
50,45	12,12
50,47	12,26
50,50	12,44
50,52	12,60
50,54	12,73
50,57	12,90
50,59	13,02
50,62	13,16
50,64	13,31
50,67	13,47
50,69	13,61
50,72	13,80
50,74	13,91
50,76	14,09
50,79	14,23
50,81	14,42
50,84	14,56
50,86	14,73
50,89	14,82
50,91	14,97
50,94	15,07
50,96	15,22
50,98	15,31
51,01	15,43
51,03	15,54
51,06	15,74
51,08	15,84
51,11	16,01
51,13	16,14
51,15	16,31
51,18	16,41
51,20	16,55
51,23	16,63
51,25	16,76
51,28	16,84
51,30	16,97
51,33	17,03
51,35	17,14
51,37	17,18
51,40	17,28
51,42	17,33
51,45	17,45
51,47	17,44
51,50	17,53
51,52	17,53
51,55	17,64
51,57	17,62
51,59	17,69
51,62	17,67
51,64	17,75
51,67	17,75
51,69	17,83
51,72	17,77
51,74	17,83
51,77	17,82
51,79	17,88
51,81	17,83
51,84	17,84
51,86	17,76
51,89	17,78
51,91	17,71
51,94	17,70
51,96	17,62
51,99	17,58
52,01	17,50
52,03	17,50
52,06	17,42
52,08	17,39
52,11	17,28
52,13	17,20
52,16	17,12
52,18	17,04
52,20	16,91
52,23	16,81
52,25	16,66
52,28	16,55
52,30	16,43
52,33	16,32
52,35	16,22
52,38	16,10
52,40	15,98
52,42	15,85
52,45	15,71
52,47	15,58
52,50	15,47
52,52	15,32
52,55	15,18
52,57	14,99
52,60	14,86
52,62	14,71
52,64	14,58
52,67	14,40
52,69	14,28
52,72	14,14
52,74	14,03
52,77	13,91
52,79	13,78
52,82	13,63
52,84	13,52
52,86	13,34
52,89	13,21
52,91	13,03
52,94	12,89
52,96	12,73
52,99	12,61
53,01	12,41
53,04	12,31
53,06	12,12
53,08	12,07
53,11	11,89
53,13	11,81
53,16	11,60
53,18	11,56
53,21	11,37
53,23	11,34
53,26	11,15
53,28	11,08
53,30	10,91
53,33	10,89
53,35	10,74
53,38	10,70
53,40	10,52
53,43	10,48
53,45	10,34
53,47	10,32
53,50	10,22
53,52	10,16
53,55	10,05
53,57	10,03
53,60	9,94
53,62	9,95
53,65	9,87
53,67	9,80
53,69	9,73
53,72	9,69
53,74	9,66
53,77	9,65
53,79	9,60
53,82	9,57
53,84	9,56
53,87	9,53
53,89	9,56
53,91	9,53
53,94	9,53
53,96	9,53
53,99	9,53
54,01	9,53
54,04	9,57
54,06	9,56
54,09	9,62
54,11	9,60
54,13	9,63
54,16	9,66
54,18	9,70
54,21	9,69
54,23	9,80
54,26	9,80
54,28	9,89
54,31	9,92
54,33	10,00
54,35	10,08
54,38	10,17
54,40	10,17
54,43	10,27
54,45	10,27
54,48	10,39
54,50	10,45
54,52	10,53
54,55	10,59
54,57	10,73
54,60	10,76
54,62	10,93
54,65	10,98
54,67	11,13
54,70	11,22
54,72	11,35
54,74	11,40
54,77	11,57
54,79	11,63
54,82	11,78
54,84	11,85
54,87	11,98
54,89	12,12
54,92	12,30
54,94	12,41
54,96	12,59
54,99	12,69
55,01	12,90
55,04	13,03
55,06	13,19
55,09	13,31
55,11	13,46
55,14	13,58
55,16	13,76
55,18	13,84
55,21	13,99
55,23	14,11
55,26	14,28
55,28	14,45
55,31	14,65
55,33	14,82
55,36	15,01
55,38	15,19
55,40	15,38
55,43	15,59
55,45	15,75
55,48	15,92
55,50	16,06
55,53	16,23
55,55	16,38
55,57	16,58
55,60	16,72
55,62	16,90
55,65	17,05
55,67	17,27
55,70	17,42
55,72	17,65
55,75	17,80
55,77	17,98
55,79	18,13
55,82	18,34
55,84	18,47
55,87	18,67
55,89	18,80
55,92	18,94
55,94	19,09
55,97	19,32
55,99	19,45
56,01	19,64
56,04	19,80
56,06	20,00
56,09	20,18
56,11	20,38
56,14	20,45
56,16	20,61
56,19	20,72
56,21	20,88
56,23	20,98
56,26	21,10
56,28	21,16
56,31	21,35
56,33	21,43
56,36	21,60
56,38	21,64
56,41	21,81
56,43	21,88
56,45	22,03
56,48	22,06
56,50	22,18
56,53	22,22
56,55	22,38
56,58	22,39
56,60	22,50
56,62	22,50
56,65	22,57
56,67	22,60
56,70	22,67
56,72	22,64
56,75	22,70
56,77	22,66
56,80	22,71
56,82	22,73
56,84	22,75
56,87	22,72
56,89	22,75
56,92	22,71
56,94	22,75
56,97	22,73
56,99	22,69
57,02	22,65
57,04	22,61
57,06	22,52
57,09	22,50
57,11	22,40
57,14	22,32
57,16	22,26
57,19	22,19
57,21	22,12
57,24	22,05
57,26	21,99
57,28	21,95
57,31	21,85
57,33	21,72
57,36	21,61
57,38	21,47
57,41	21,35
57,43	21,18
57,46	21,06
57,48	20,90
57,50	20,78
57,53	20,65
57,55	20,58
57,58	20,45
57,60	20,37
57,63	20,19
57,65	20,11
57,68	19,97
57,70	19,86
57,72	19,69
57,75	19,59
57,77	19,38
57,80	19,27
57,82	19,07
57,85	18,96
57,87	18,79
57,89	18,69
57,92	18,47
57,94	18,41
57,97	18,26
57,99	18,19
58,02	18,03
58,04	17,93
58,07	17,74
58,09	17,69
58,11	17,48
58,14	17,41
58,16	17,20
58,19	17,07
58,21	16,90
58,24	16,83
58,26	16,65
58,29	16,58
58,31	16,41
58,33	16,34
58,36	16,24
58,38	16,19
58,41	16,05
58,43	15,98
58,46	15,85
58,48	15,78
58,51	15,71
58,53	15,64
58,55	15,54
58,58	15,44
58,60	15,36
58,63	15,31
58,65	15,27
58,68	15,20
58,70	15,16
58,73	15,07
58,75	15,07
58,77	15,02
58,80	15,01
58,82	14,96
58,85	14,93
58,87	14,88
58,90	14,89
58,92	14,86
58,94	14,88
58,97	14,83
58,99	14,88
59,02	14,89
59,04	14,91
59,07	14,91
59,09	14,97
59,12	14,97
59,14	15,07
59,16	15,04
59,19	15,10
59,21	15,13
59,24	15,22
59,26	15,21
59,29	15,30
59,31	15,30
59,34	15,40
59,36	15,43
59,38	15,51
59,41	15,56
59,43	15,71
59,46	15,75
59,48	15,93
59,51	15,98
59,53	16,16
59,56	16,26
59,58	16,41
59,60	16,44
59,63	16,58
59,65	16,61
59,68	16,78
59,70	16,82
59,73	16,94
59,75	17,05
59,78	17,25
59,80	17,36
59,82	17,57
59,85	17,68
59,87	17,90
59,90	18,08
59,92	18,26
59,95	18,41
59,97	18,58
59,99	18,68
