Voltage U1	Corriente IA	Voltage U2
U1/V	IA/nA	U2/V

0,02	0,39	1,0
0,04	0,37	1,0
0,07	0,36	1,0
0,09	0,34	1,0
0,12	0,33	1,0
0,14	0,32	1,0
0,17	0,31	1,0
0,19	0,35	1,0
0,21	0,36	1,0
0,24	0,36	1,0
0,26	0,36	1,0
0,29	0,34	1,0
0,31	0,37	1,0
0,34	0,36	1,0
0,36	0,36	1,0
0,39	0,35	1,0
0,41	0,35	1,0
0,43	0,33	1,0
0,46	0,34	1,0
0,48	0,33	1,0
0,51	0,35	1,0
0,53	0,33	1,0
0,56	0,34	1,0
0,58	0,34	1,0
0,61	0,35	1,0
0,63	0,34	1,0
0,65	0,37	1,0
0,68	0,36	1,0
0,70	0,37	1,0
0,73	0,36	1,0
0,75	0,38	1,0
0,78	0,38	1,0
0,80	0,38	1,0
0,83	0,34	1,0
0,85	0,37	1,0
0,87	0,33	1,0
0,90	0,33	1,0
0,92	0,31	1,0
0,95	0,33	1,0
0,97	0,30	1,0
1,00	0,35	1,0
1,02	0,31	1,0
1,05	0,37	1,0
1,07	0,33	1,0
1,09	0,36	1,0
1,12	0,34	1,0
1,14	0,39	1,0
1,17	0,33	1,0
1,19	0,37	1,0
1,22	0,32	1,0
1,24	0,38	1,0
1,26	0,33	1,0
1,29	0,36	1,0
1,31	0,32	1,0
1,34	0,38	1,0
1,36	0,34	1,0
1,39	0,42	1,0
1,41	0,37	1,0
1,44	0,39	1,0
1,46	0,37	1,0
1,48	0,41	1,0
1,51	0,38	1,0
1,53	0,39	1,0
1,56	0,31	1,0
1,58	0,33	1,0
1,61	0,32	1,0
1,63	0,34	1,0
1,66	0,32	1,0
1,68	0,34	1,0
1,70	0,31	1,0
1,73	0,35	1,0
1,75	0,35	1,0
1,78	0,39	1,0
1,80	0,38	1,0
1,83	0,36	1,0
1,85	0,34	1,0
1,88	0,34	1,0
1,90	0,34	1,0
1,92	0,34	1,0
1,95	0,29	1,0
1,97	0,28	1,0
2,00	0,29	1,0
2,02	0,29	1,0
2,05	0,33	1,0
2,07	0,33	1,0
2,10	0,34	1,0
2,12	0,37	1,0
2,14	0,37	1,0
2,17	0,35	1,0
2,19	0,37	1,0
2,22	0,35	1,0
2,24	0,37	1,0
2,27	0,35	1,0
2,29	0,35	1,0
2,31	0,37	1,0
2,34	0,40	1,0
2,36	0,38	1,0
2,39	0,42	1,0
2,41	0,38	1,0
2,44	0,39	1,0
2,46	0,38	1,0
2,49	0,38	1,0
2,51	0,37	1,0
2,53	0,39	1,0
2,56	0,34	1,0
2,58	0,36	1,0
2,61	0,33	1,0
2,63	0,34	1,0
2,66	0,31	1,0
2,68	0,31	1,0
2,71	0,29	1,0
2,73	0,29	1,0
2,75	0,28	1,0
2,78	0,33	1,0
2,80	0,32	1,0
2,83	0,36	1,0
2,85	0,36	1,0
2,88	0,39	1,0
2,90	0,38	1,0
2,93	0,42	1,0
2,95	0,40	1,0
2,97	0,42	1,0
3,00	0,37	1,0
3,02	0,37	1,0
3,05	0,33	1,0
3,07	0,36	1,0
3,10	0,33	1,0
3,12	0,36	1,0
3,15	0,32	1,0
3,17	0,38	1,0
3,19	0,37	1,0
3,22	0,41	1,0
3,24	0,38	1,0
3,27	0,39	1,0
3,29	0,35	1,0
3,32	0,40	1,0
3,34	0,35	1,0
3,36	0,35	1,0
3,39	0,32	1,0
3,41	0,34	1,0
3,44	0,34	1,0
3,46	0,35	1,0
3,49	0,33	1,0
3,51	0,34	1,0
3,54	0,33	1,0
3,56	0,34	1,0
3,58	0,37	1,0
3,61	0,37	1,0
3,63	0,38	1,0
3,66	0,36	1,0
3,68	0,35	1,0
3,71	0,35	1,0
3,73	0,37	1,0
3,76	0,33	1,0
3,78	0,36	1,0
3,80	0,31	1,0
3,83	0,31	1,0
3,85	0,31	1,0
3,88	0,35	1,0
3,90	0,33	1,0
3,93	0,38	1,0
3,95	0,33	1,0
3,98	0,38	1,0
4,00	0,36	1,0
4,02	0,38	1,0
4,05	0,36	1,0
4,07	0,38	1,0
4,10	0,31	1,0
4,12	0,35	1,0
4,15	0,32	1,0
4,17	0,37	1,0
4,20	0,32	1,0
4,22	0,35	1,0
4,24	0,35	1,0
4,27	0,40	1,0
4,29	0,37	1,0
4,32	0,42	1,0
4,34	0,38	1,0
4,37	0,42	1,0
4,39	0,39	1,0
4,42	0,42	1,0
4,44	0,39	1,0
4,46	0,43	1,0
4,49	0,39	1,0
4,51	0,42	1,0
4,54	0,38	1,0
4,56	0,39	1,0
4,59	0,35	1,0
4,61	0,36	1,0
4,63	0,33	1,0
4,66	0,36	1,0
4,68	0,32	1,0
4,71	0,39	1,0
4,73	0,36	1,0
4,76	0,40	1,0
4,78	0,39	1,0
4,81	0,39	1,0
4,83	0,34	1,0
4,85	0,37	1,0
4,88	0,32	1,0
4,90	0,36	1,0
4,93	0,32	1,0
4,95	0,32	1,0
4,98	0,32	1,0
5,00	0,35	1,0
5,03	0,34	1,0
5,05	0,37	1,0
5,07	0,34	1,0
5,10	0,35	1,0
5,12	0,35	1,0
5,15	0,37	1,0
5,17	0,37	1,0
5,20	0,38	1,0
5,22	0,34	1,0
5,25	0,36	1,0
5,27	0,35	1,0
5,29	0,36	1,0
5,32	0,35	1,0
5,34	0,34	1,0
5,37	0,33	1,0
5,39	0,34	1,0
5,42	0,35	1,0
5,44	0,38	1,0
5,47	0,38	1,0
5,49	0,36	1,0
5,51	0,37	1,0
5,54	0,35	1,0
5,56	0,37	1,0
5,59	0,35	1,0
5,61	0,35	1,0
5,64	0,34	1,0
5,66	0,35	1,0
5,68	0,34	1,0
5,71	0,39	1,0
5,73	0,38	1,0
5,76	0,40	1,0
5,78	0,39	1,0
5,81	0,42	1,0
5,83	0,42	1,0
5,86	0,43	1,0
5,88	0,39	1,0
5,90	0,39	1,0
5,93	0,41	1,0
5,95	0,42	1,0
5,98	0,39	1,0
6,00	0,39	1,0
6,03	0,37	1,0
6,05	0,39	1,0
6,08	0,39	1,0
6,10	0,39	1,0
6,12	0,37	1,0
6,15	0,39	1,0
6,17	0,41	1,0
6,20	0,43	1,0
6,22	0,42	1,0
6,25	0,43	1,0
6,27	0,38	1,0
6,30	0,40	1,0
6,32	0,39	1,0
6,34	0,39	1,0
6,37	0,36	1,0
6,39	0,36	1,0
6,42	0,33	1,0
6,44	0,40	1,0
6,47	0,38	1,0
6,49	0,41	1,0
6,52	0,38	1,0
6,54	0,41	1,0
6,56	0,41	1,0
6,59	0,47	1,0
6,61	0,41	1,0
6,64	0,43	1,0
6,66	0,40	1,0
6,69	0,44	1,0
6,71	0,44	1,0
6,73	0,44	1,0
6,76	0,40	1,0
6,78	0,42	1,0
6,81	0,41	1,0
6,83	0,43	1,0
6,86	0,43	1,0
6,88	0,40	1,0
6,91	0,43	1,0
6,93	0,41	1,0
6,95	0,44	1,0
6,98	0,47	1,0
7,00	0,47	1,0
7,03	0,43	1,0
7,05	0,45	1,0
7,08	0,41	1,0
7,10	0,46	1,0
7,13	0,43	1,0
7,15	0,43	1,0
7,17	0,40	1,0
7,20	0,43	1,0
7,22	0,41	1,0
7,25	0,47	1,0
7,27	0,42	1,0
7,30	0,45	1,0
7,32	0,41	1,0
7,35	0,45	1,0
7,37	0,44	1,0
7,39	0,49	1,0
7,42	0,44	1,0
7,44	0,49	1,0
7,47	0,44	1,0
7,49	0,49	1,0
7,52	0,44	1,0
7,54	0,47	1,0
7,57	0,43	1,0
7,59	0,46	1,0
7,61	0,43	1,0
7,64	0,50	1,0
7,66	0,46	1,0
7,69	0,50	1,0
7,71	0,47	1,0
7,74	0,47	1,0
7,76	0,46	1,0
7,78	0,50	1,0
7,81	0,45	1,0
7,83	0,49	1,0
7,86	0,47	1,0
7,88	0,51	1,0
7,91	0,53	1,0
7,93	0,58	1,0
7,96	0,54	1,0
7,98	0,56	1,0
8,00	0,53	1,0
8,03	0,57	1,0
8,05	0,54	1,0
8,08	0,57	1,0
8,10	0,52	1,0
8,13	0,56	1,0
8,15	0,55	1,0
8,18	0,59	1,0
8,20	0,54	1,0
8,22	0,56	1,0
8,25	0,51	1,0
8,27	0,56	1,0
8,30	0,52	1,0
8,32	0,56	1,0
8,35	0,51	1,0
8,37	0,58	1,0
8,40	0,55	1,0
8,42	0,59	1,0
8,44	0,55	1,0
8,47	0,56	1,0
8,49	0,52	1,0
8,52	0,58	1,0
8,54	0,55	1,0
8,57	0,58	1,0
8,59	0,54	1,0
8,62	0,57	1,0
8,64	0,59	1,0
8,66	0,64	1,0
8,69	0,60	1,0
8,71	0,61	1,0
8,74	0,58	1,0
8,76	0,61	1,0
8,79	0,62	1,0
8,81	0,62	1,0
8,84	0,60	1,0
8,86	0,59	1,0
8,88	0,59	1,0
8,91	0,62	1,0
8,93	0,62	1,0
8,96	0,61	1,0
8,98	0,60	1,0
9,01	0,59	1,0
9,03	0,61	1,0
9,05	0,62	1,0
9,08	0,62	1,0
9,10	0,65	1,0
9,13	0,67	1,0
9,15	0,66	1,0
9,18	0,67	1,0
9,20	0,63	1,0
9,23	0,65	1,0
9,25	0,64	1,0
9,27	0,64	1,0
9,30	0,62	1,0
9,32	0,62	1,0
9,35	0,63	1,0
9,37	0,68	1,0
9,40	0,67	1,0
9,42	0,68	1,0
9,45	0,66	1,0
9,47	0,69	1,0
9,49	0,69	1,0
9,52	0,70	1,0
9,54	0,67	1,0
9,57	0,70	1,0
9,59	0,70	1,0
9,62	0,73	1,0
9,64	0,72	1,0
9,67	0,74	1,0
9,69	0,74	1,0
9,71	0,77	1,0
9,74	0,76	1,0
9,76	0,76	1,0
9,79	0,74	1,0
9,81	0,74	1,0
9,84	0,72	1,0
9,86	0,73	1,0
9,89	0,70	1,0
9,91	0,73	1,0
9,93	0,69	1,0
9,96	0,73	1,0
9,98	0,72	1,0
10,01	0,77	1,0
10,03	0,73	1,0
10,06	0,75	1,0
10,08	0,70	1,0
10,10	0,78	1,0
10,13	0,74	1,0
10,15	0,77	1,0
10,18	0,73	1,0
10,20	0,78	1,0
10,23	0,77	1,0
10,25	0,80	1,0
10,28	0,76	1,0
10,30	0,79	1,0
10,32	0,77	1,0
10,35	0,82	1,0
10,37	0,81	1,0
10,40	0,81	1,0
10,42	0,80	1,0
10,45	0,81	1,0
10,47	0,82	1,0
10,50	0,85	1,0
10,52	0,84	1,0
10,54	0,83	1,0
10,57	0,83	1,0
10,59	0,83	1,0
10,62	0,84	1,0
10,64	0,84	1,0
10,67	0,84	1,0
10,69	0,82	1,0
10,72	0,82	1,0
10,74	0,83	1,0
10,76	0,91	1,0
10,79	0,89	1,0
10,81	0,90	1,0
10,84	0,89	1,0
10,86	0,91	1,0
10,89	0,92	1,0
10,91	0,96	1,0
10,94	0,88	1,0
10,96	0,92	1,0
10,98	0,92	1,0
11,01	0,94	1,0
11,03	0,92	1,0
11,06	0,93	1,0
11,08	0,92	1,0
11,11	0,95	1,0
11,13	0,92	1,0
11,15	0,95	1,0
11,18	0,94	1,0
11,20	0,96	1,0
11,23	0,96	1,0
11,25	0,99	1,0
11,28	0,96	1,0
11,30	1,01	1,0
11,33	0,99	1,0
11,35	0,99	1,0
11,37	0,97	1,0
11,40	0,99	1,0
11,42	0,96	1,0
11,45	1,01	1,0
11,47	0,97	1,0
11,50	0,99	1,0
11,52	0,98	1,0
11,55	1,01	1,0
11,57	1,01	1,0
11,59	1,01	1,0
11,62	0,97	1,0
11,64	1,03	1,0
11,67	1,02	1,0
11,69	1,06	1,0
11,72	1,03	1,0
11,74	1,04	1,0
11,77	1,05	1,0
11,79	1,08	1,0
11,81	1,04	1,0
11,84	1,09	1,0
11,86	1,06	1,0
11,89	1,10	1,0
11,91	1,10	1,0
11,94	1,12	1,0
11,96	1,10	1,0
11,99	1,11	1,0
12,01	1,08	1,0
12,03	1,13	1,0
12,06	1,11	1,0
12,08	1,12	1,0
12,11	1,11	1,0
12,13	1,12	1,0
12,16	1,14	1,0
12,18	1,16	1,0
12,21	1,16	1,0
12,23	1,15	1,0
12,25	1,13	1,0
12,28	1,13	1,0
12,30	1,18	1,0
12,33	1,17	1,0
12,35	1,17	1,0
12,38	1,15	1,0
12,40	1,18	1,0
12,42	1,20	1,0
12,45	1,23	1,0
12,47	1,18	1,0
12,50	1,21	1,0
12,52	1,19	1,0
12,55	1,22	1,0
12,57	1,22	1,0
12,60	1,26	1,0
12,62	1,23	1,0
12,64	1,27	1,0
12,67	1,25	1,0
12,69	1,31	1,0
12,72	1,27	1,0
12,74	1,31	1,0
12,77	1,28	1,0
12,79	1,33	1,0
12,82	1,33	1,0
12,84	1,37	1,0
12,86	1,32	1,0
12,89	1,34	1,0
12,91	1,30	1,0
12,94	1,34	1,0
12,96	1,34	1,0
12,99	1,33	1,0
13,01	1,31	1,0
13,04	1,35	1,0
13,06	1,35	1,0
13,08	1,40	1,0
13,11	1,36	1,0
13,13	1,38	1,0
13,16	1,38	1,0
13,18	1,40	1,0
13,21	1,35	1,0
13,23	1,37	1,0
13,26	1,34	1,0
13,28	1,35	1,0
13,30	1,32	1,0
13,33	1,35	1,0
13,35	1,36	1,0
13,38	1,42	1,0
13,40	1,38	1,0
13,43	1,43	1,0
13,45	1,42	1,0
13,47	1,47	1,0
13,50	1,44	1,0
13,52	1,45	1,0
13,55	1,42	1,0
13,57	1,48	1,0
13,60	1,44	1,0
13,62	1,48	1,0
13,65	1,44	1,0
13,67	1,45	1,0
13,69	1,44	1,0
13,72	1,47	1,0
13,74	1,45	1,0
13,77	1,48	1,0
13,79	1,45	1,0
13,82	1,46	1,0
13,84	1,45	1,0
13,87	1,49	1,0
13,89	1,48	1,0
13,91	1,47	1,0
13,94	1,44	1,0
13,96	1,44	1,0
13,99	1,47	1,0
14,01	1,49	1,0
14,04	1,50	1,0
14,06	1,48	1,0
14,09	1,48	1,0
14,11	1,50	1,0
14,13	1,53	1,0
14,16	1,52	1,0
14,18	1,53	1,0
14,21	1,48	1,0
14,23	1,51	1,0
14,26	1,50	1,0
14,28	1,53	1,0
14,31	1,50	1,0
14,33	1,52	1,0
14,35	1,49	1,0
14,38	1,52	1,0
14,40	1,49	1,0
14,43	1,53	1,0
14,45	1,49	1,0
14,48	1,53	1,0
14,50	1,52	1,0
14,52	1,55	1,0
14,55	1,54	1,0
14,57	1,58	1,0
14,60	1,56	1,0
14,62	1,58	1,0
14,65	1,55	1,0
14,67	1,56	1,0
14,70	1,55	1,0
14,72	1,54	1,0
14,74	1,52	1,0
14,77	1,57	1,0
14,79	1,56	1,0
14,82	1,58	1,0
14,84	1,56	1,0
14,87	1,56	1,0
14,89	1,59	1,0
14,92	1,61	1,0
14,94	1,57	1,0
14,96	1,57	1,0
14,99	1,54	1,0
15,01	1,58	1,0
15,04	1,57	1,0
15,06	1,59	1,0
15,09	1,56	1,0
15,11	1,59	1,0
15,14	1,56	1,0
15,16	1,63	1,0
15,18	1,60	1,0
15,21	1,63	1,0
15,23	1,60	1,0
15,26	1,63	1,0
15,28	1,61	1,0
15,31	1,66	1,0
15,33	1,62	1,0
15,36	1,65	1,0
15,38	1,63	1,0
15,40	1,65	1,0
15,43	1,64	1,0
15,45	1,65	1,0
15,48	1,62	1,0
15,50	1,67	1,0
15,53	1,67	1,0
15,55	1,73	1,0
15,57	1,73	1,0
15,60	1,74	1,0
15,62	1,74	1,0
15,65	1,75	1,0
15,67	1,75	1,0
15,70	1,76	1,0
15,72	1,73	1,0
15,75	1,70	1,0
15,77	1,70	1,0
15,79	1,69	1,0
15,82	1,73	1,0
15,84	1,72	1,0
15,87	1,73	1,0
15,89	1,72	1,0
15,92	1,75	1,0
15,94	1,75	1,0
15,97	1,83	1,0
15,99	1,81	1,0
16,01	1,83	1,0
16,04	1,81	1,0
16,06	1,84	1,0
16,09	1,84	1,0
16,11	1,88	1,0
16,14	1,84	1,0
16,16	1,87	1,0
16,19	1,86	1,0
16,21	1,89	1,0
16,23	1,89	1,0
16,26	1,90	1,0
16,28	1,88	1,0
16,31	1,92	1,0
16,33	1,90	1,0
16,36	1,96	1,0
16,38	1,94	1,0
16,41	1,97	1,0
16,43	1,99	1,0
16,45	2,03	1,0
16,48	2,00	1,0
16,50	2,05	1,0
16,53	2,02	1,0
16,55	2,06	1,0
16,58	2,04	1,0
16,60	2,07	1,0
16,63	2,05	1,0
16,65	2,11	1,0
16,67	2,07	1,0
16,70	2,15	1,0
16,72	2,11	1,0
16,75	2,17	1,0
16,77	2,14	1,0
16,80	2,17	1,0
16,82	2,14	1,0
16,84	2,21	1,0
16,87	2,15	1,0
16,89	2,23	1,0
16,92	2,18	1,0
16,94	2,24	1,0
16,97	2,23	1,0
16,99	2,32	1,0
17,02	2,28	1,0
17,04	2,35	1,0
17,06	2,31	1,0
17,09	2,42	1,0
17,11	2,40	1,0
17,14	2,43	1,0
17,16	2,37	1,0
17,19	2,38	1,0
17,21	2,36	1,0
17,24	2,42	1,0
17,26	2,37	1,0
17,28	2,41	1,0
17,31	2,36	1,0
17,33	2,41	1,0
17,36	2,44	1,0
17,38	2,48	1,0
17,41	2,46	1,0
17,43	2,49	1,0
17,46	2,48	1,0
17,48	2,53	1,0
17,50	2,55	1,0
17,53	2,56	1,0
17,55	2,56	1,0
17,58	2,57	1,0
17,60	2,55	1,0
17,63	2,59	1,0
17,65	2,59	1,0
17,68	2,58	1,0
17,70	2,60	1,0
17,72	2,58	1,0
17,75	2,60	1,0
17,77	2,60	1,0
17,80	2,61	1,0
17,82	2,63	1,0
17,85	2,67	1,0
17,87	2,65	1,0
17,89	2,68	1,0
17,92	2,64	1,0
17,94	2,66	1,0
17,97	2,64	1,0
17,99	2,67	1,0
18,02	2,66	1,0
18,04	2,67	1,0
18,07	2,67	1,0
18,09	2,70	1,0
18,11	2,68	1,0
18,14	2,70	1,0
18,16	2,70	1,0
18,19	2,70	1,0
18,21	2,69	1,0
18,24	2,71	1,0
18,26	2,70	1,0
18,29	2,74	1,0
18,31	2,70	1,0
18,33	2,68	1,0
18,36	2,65	1,0
18,38	2,67	1,0
18,41	2,64	1,0
18,43	2,68	1,0
18,46	2,64	1,0
18,48	2,69	1,0
18,51	2,65	1,0
18,53	2,69	1,0
18,55	2,68	1,0
18,58	2,71	1,0
18,60	2,63	1,0
18,63	2,66	1,0
18,65	2,59	1,0
18,68	2,65	1,0
18,70	2,59	1,0
18,73	2,61	1,0
18,75	2,57	1,0
18,77	2,62	1,0
18,80	2,58	1,0
18,82	2,64	1,0
18,85	2,58	1,0
18,87	2,60	1,0
18,90	2,57	1,0
18,92	2,62	1,0
18,94	2,59	1,0
18,97	2,62	1,0
18,99	2,57	1,0
19,02	2,60	1,0
19,04	2,59	1,0
19,07	2,60	1,0
19,09	2,57	1,0
19,12	2,55	1,0
19,14	2,53	1,0
19,16	2,55	1,0
19,19	2,53	1,0
19,21	2,55	1,0
19,24	2,54	1,0
19,26	2,52	1,0
19,29	2,56	1,0
19,31	2,56	1,0
19,34	2,57	1,0
19,36	2,57	1,0
19,38	2,53	1,0
19,41	2,51	1,0
19,43	2,53	1,0
19,46	2,49	1,0
19,48	2,52	1,0
19,51	2,50	1,0
19,53	2,52	1,0
19,56	2,52	1,0
19,58	2,54	1,0
19,60	2,52	1,0
19,63	2,57	1,0
19,65	2,55	1,0
19,68	2,57	1,0
19,70	2,54	1,0
19,73	2,56	1,0
19,75	2,56	1,0
19,78	2,58	1,0
19,80	2,53	1,0
19,82	2,56	1,0
19,85	2,53	1,0
19,87	2,56	1,0
19,90	2,53	1,0
19,92	2,56	1,0
19,95	2,55	1,0
19,97	2,60	1,0
19,99	2,58	1,0
20,02	2,64	1,0
20,04	2,62	1,0
20,07	2,66	1,0
20,09	2,66	1,0
20,12	2,70	1,0
20,14	2,65	1,0
20,17	2,69	1,0
20,19	2,65	1,0
20,21	2,70	1,0
20,24	2,66	1,0
20,26	2,67	1,0
20,29	2,64	1,0
20,31	2,70	1,0
20,34	2,66	1,0
20,36	2,72	1,0
20,39	2,68	1,0
20,41	2,74	1,0
20,43	2,72	1,0
20,46	2,79	1,0
20,48	2,78	1,0
20,51	2,83	1,0
20,53	2,79	1,0
20,56	2,85	1,0
20,58	2,81	1,0
20,61	2,87	1,0
20,63	2,83	1,0
20,65	2,85	1,0
20,68	2,84	1,0
20,70	2,88	1,0
20,73	2,87	1,0
20,75	2,98	1,0
20,78	2,97	1,0
20,80	3,00	1,0
20,83	3,01	1,0
20,85	3,03	1,0
20,87	3,06	1,0
20,90	3,09	1,0
20,92	3,07	1,0
20,95	3,07	1,0
20,97	3,07	1,0
21,00	3,09	1,0
21,02	3,15	1,0
21,05	3,17	1,0
21,07	3,21	1,0
21,09	3,21	1,0
21,12	3,26	1,0
21,14	3,30	1,0
21,17	3,36	1,0
21,19	3,35	1,0
21,22	3,39	1,0
21,24	3,37	1,0
21,26	3,41	1,0
21,29	3,38	1,0
21,31	3,41	1,0
21,34	3,41	1,0
21,36	3,49	1,0
21,39	3,49	1,0
21,41	3,57	1,0
21,44	3,58	1,0
21,46	3,66	1,0
21,48	3,70	1,0
21,51	3,75	1,0
21,53	3,72	1,0
21,56	3,78	1,0
21,58	3,76	1,0
21,61	3,81	1,0
21,63	3,80	1,0
21,66	3,83	1,0
21,68	3,84	1,0
21,70	3,87	1,0
21,73	3,84	1,0
21,75	3,91	1,0
21,78	3,92	1,0
21,80	3,99	1,0
21,83	3,97	1,0
21,85	4,03	1,0
21,88	4,03	1,0
21,90	4,11	1,0
21,92	4,09	1,0
21,95	4,15	1,0
21,97	4,10	1,0
22,00	4,15	1,0
22,02	4,12	1,0
22,05	4,19	1,0
22,07	4,15	1,0
22,10	4,22	1,0
22,12	4,18	1,0
22,14	4,28	1,0
22,17	4,28	1,0
22,19	4,33	1,0
22,22	4,31	1,0
22,24	4,36	1,0
22,27	4,33	1,0
22,29	4,39	1,0
22,31	4,35	1,0
22,34	4,37	1,0
22,36	4,33	1,0
22,39	4,35	1,0
22,41	4,34	1,0
22,44	4,37	1,0
22,46	4,34	1,0
22,49	4,37	1,0
22,51	4,35	1,0
22,53	4,38	1,0
22,56	4,40	1,0
22,58	4,42	1,0
22,61	4,41	1,0
22,63	4,40	1,0
22,66	4,38	1,0
22,68	4,38	1,0
22,71	4,39	1,0
22,73	4,36	1,0
22,75	4,37	1,0
22,78	4,34	1,0
22,80	4,34	1,0
22,83	4,34	1,0
22,85	4,35	1,0
22,88	4,34	1,0
22,90	4,36	1,0
22,93	4,31	1,0
22,95	4,35	1,0
22,97	4,33	1,0
23,00	4,34	1,0
23,02	4,32	1,0
23,05	4,33	1,0
23,07	4,29	1,0
23,10	4,30	1,0
23,12	4,27	1,0
23,15	4,28	1,0
23,17	4,23	1,0
23,19	4,23	1,0
23,22	4,20	1,0
23,24	4,22	1,0
23,27	4,18	1,0
23,29	4,19	1,0
23,32	4,14	1,0
23,34	4,16	1,0
23,36	4,11	1,0
23,39	4,11	1,0
23,41	4,06	1,0
23,44	4,08	1,0
23,46	4,02	1,0
23,49	4,08	1,0
23,51	4,02	1,0
23,54	4,03	1,0
23,56	3,99	1,0
23,58	4,03	1,0
23,61	4,00	1,0
23,63	4,03	1,0
23,66	3,95	1,0
23,68	4,00	1,0
23,71	3,94	1,0
23,73	3,99	1,0
23,76	3,92	1,0
23,78	3,94	1,0
23,80	3,88	1,0
23,83	3,93	1,0
23,85	3,87	1,0
23,88	3,92	1,0
23,90	3,83	1,0
23,93	3,85	1,0
23,95	3,81	1,0
23,98	3,86	1,0
24,00	3,82	1,0
24,02	3,84	1,0
24,05	3,78	1,0
24,07	3,81	1,0
24,10	3,79	1,0
24,12	3,81	1,0
24,15	3,78	1,0
24,17	3,78	1,0
24,20	3,76	1,0
24,22	3,79	1,0
24,24	3,80	1,0
24,27	3,82	1,0
24,29	3,80	1,0
24,32	3,79	1,0
24,34	3,80	1,0
24,37	3,81	1,0
24,39	3,81	1,0
24,42	3,81	1,0
24,44	3,81	1,0
24,46	3,79	1,0
24,49	3,80	1,0
24,51	3,79	1,0
24,54	3,80	1,0
24,56	3,80	1,0
24,59	3,82	1,0
24,61	3,81	1,0
24,63	3,82	1,0
24,66	3,81	1,0
24,68	3,86	1,0
24,71	3,85	1,0
24,73	3,87	1,0
24,76	3,89	1,0
24,78	3,92	1,0
24,81	3,94	1,0
24,83	3,97	1,0
24,85	3,95	1,0
24,88	4,00	1,0
24,90	3,98	1,0
24,93	4,00	1,0
24,95	4,02	1,0
24,98	4,06	1,0
25,00	4,06	1,0
25,03	4,10	1,0
25,05	4,08	1,0
25,07	4,15	1,0
25,10	4,12	1,0
25,12	4,16	1,0
25,15	4,14	1,0
25,17	4,20	1,0
25,20	4,19	1,0
25,22	4,25	1,0
25,25	4,21	1,0
25,27	4,30	1,0
25,29	4,29	1,0
25,32	4,36	1,0
25,34	4,34	1,0
25,37	4,40	1,0
25,39	4,37	1,0
25,42	4,47	1,0
25,44	4,44	1,0
25,47	4,51	1,0
25,49	4,48	1,0
25,51	4,58	1,0
25,54	4,58	1,0
25,56	4,68	1,0
25,59	4,64	1,0
25,61	4,71	1,0
25,64	4,69	1,0
25,66	4,80	1,0
25,68	4,80	1,0
25,71	4,86	1,0
25,73	4,85	1,0
25,76	4,92	1,0
25,78	4,93	1,0
25,81	5,04	1,0
25,83	5,03	1,0
25,86	5,06	1,0
25,88	5,06	1,0
25,90	5,11	1,0
25,93	5,15	1,0
25,95	5,22	1,0
25,98	5,22	1,0
26,00	5,26	1,0
26,03	5,29	1,0
26,05	5,35	1,0
26,08	5,43	1,0
26,10	5,47	1,0
26,12	5,50	1,0
26,15	5,53	1,0
26,17	5,58	1,0
26,20	5,62	1,0
26,22	5,70	1,0
26,25	5,72	1,0
26,27	5,80	1,0
26,30	5,82	1,0
26,32	5,86	1,0
26,34	5,90	1,0
26,37	5,99	1,0
26,39	6,00	1,0
26,42	6,09	1,0
26,44	6,07	1,0
26,47	6,14	1,0
26,49	6,14	1,0
26,52	6,18	1,0
26,54	6,18	1,0
26,56	6,24	1,0
26,59	6,21	1,0
26,61	6,31	1,0
26,64	6,29	1,0
26,66	6,37	1,0
26,69	6,41	1,0
26,71	6,47	1,0
26,73	6,47	1,0
26,76	6,53	1,0
26,78	6,51	1,0
26,81	6,63	1,0
26,83	6,62	1,0
26,86	6,68	1,0
26,88	6,68	1,0
26,91	6,73	1,0
26,93	6,69	1,0
26,95	6,77	1,0
26,98	6,73	1,0
27,00	6,81	1,0
27,03	6,73	1,0
27,05	6,77	1,0
27,08	6,74	1,0
27,10	6,84	1,0
27,13	6,79	1,0
27,15	6,89	1,0
27,17	6,80	1,0
27,20	6,91	1,0
27,22	6,86	1,0
27,25	6,94	1,0
27,27	6,87	1,0
27,30	6,92	1,0
27,32	6,82	1,0
27,35	6,93	1,0
27,37	6,86	1,0
27,39	6,90	1,0
27,42	6,81	1,0
27,44	6,84	1,0
27,47	6,78	1,0
27,49	6,84	1,0
27,52	6,76	1,0
27,54	6,78	1,0
27,57	6,72	1,0
27,59	6,75	1,0
27,61	6,75	1,0
27,64	6,76	1,0
27,66	6,71	1,0
27,69	6,69	1,0
27,71	6,65	1,0
27,74	6,63	1,0
27,76	6,63	1,0
27,78	6,59	1,0
27,81	6,57	1,0
27,83	6,52	1,0
27,86	6,51	1,0
27,88	6,53	1,0
27,91	6,53	1,0
27,93	6,48	1,0
27,96	6,47	1,0
27,98	6,42	1,0
28,00	6,43	1,0
28,03	6,39	1,0
28,05	6,36	1,0
28,08	6,31	1,0
28,10	6,28	1,0
28,13	6,24	1,0
28,15	6,22	1,0
28,18	6,17	1,0
28,20	6,17	1,0
28,22	6,11	1,0
28,25	6,10	1,0
28,27	6,08	1,0
28,30	6,05	1,0
28,32	6,00	1,0
28,35	6,02	1,0
28,37	5,98	1,0
28,40	5,97	1,0
28,42	5,92	1,0
28,44	5,90	1,0
28,47	5,86	1,0
28,49	5,88	1,0
28,52	5,82	1,0
28,54	5,82	1,0
28,57	5,78	1,0
28,59	5,81	1,0
28,62	5,78	1,0
28,64	5,80	1,0
28,66	5,74	1,0
28,69	5,74	1,0
28,71	5,67	1,0
28,74	5,70	1,0
28,76	5,62	1,0
28,79	5,64	1,0
28,81	5,59	1,0
28,84	5,60	1,0
28,86	5,54	1,0
28,88	5,60	1,0
28,91	5,55	1,0
28,93	5,61	1,0
28,96	5,53	1,0
28,98	5,54	1,0
29,01	5,52	1,0
29,03	5,57	1,0
29,05	5,52	1,0
29,08	5,56	1,0
29,10	5,50	1,0
29,13	5,53	1,0
29,15	5,52	1,0
29,18	5,55	1,0
29,20	5,53	1,0
29,23	5,55	1,0
29,25	5,51	1,0
29,27	5,55	1,0
29,30	5,55	1,0
29,32	5,59	1,0
29,35	5,60	1,0
29,37	5,59	1,0
29,40	5,59	1,0
29,42	5,62	1,0
29,45	5,65	1,0
29,47	5,69	1,0
29,49	5,70	1,0
29,52	5,68	1,0
29,54	5,72	1,0
29,57	5,74	1,0
29,59	5,78	1,0
29,62	5,77	1,0
29,64	5,79	1,0
29,67	5,79	1,0
29,69	5,83	1,0
29,71	5,85	1,0
29,74	5,91	1,0
29,76	5,91	1,0
29,79	5,97	1,0
29,81	6,00	1,0
29,84	6,05	1,0
29,86	6,05	1,0
29,89	6,11	1,0
29,91	6,12	1,0
29,93	6,17	1,0
29,96	6,14	1,0
29,98	6,18	1,0
30,01	6,20	1,0
30,03	6,27	1,0
30,06	6,25	1,0
30,08	6,34	1,0
30,10	6,37	1,0
30,13	6,48	1,0
30,15	6,50	1,0
30,18	6,55	1,0
30,20	6,59	1,0
30,23	6,67	1,0
30,25	6,66	1,0
30,28	6,73	1,0
30,30	6,72	1,0
30,32	6,78	1,0
30,35	6,81	1,0
30,37	6,89	1,0
30,40	6,89	1,0
30,42	6,96	1,0
30,45	6,95	1,0
30,47	7,05	1,0
30,50	7,08	1,0
30,52	7,16	1,0
30,54	7,19	1,0
30,57	7,28	1,0
30,59	7,31	1,0
30,62	7,45	1,0
30,64	7,47	1,0
30,67	7,55	1,0
30,69	7,55	1,0
30,72	7,63	1,0
30,74	7,67	1,0
30,76	7,73	1,0
30,79	7,73	1,0
30,81	7,82	1,0
30,84	7,87	1,0
30,86	7,98	1,0
30,89	8,02	1,0
30,91	8,08	1,0
30,94	8,15	1,0
30,96	8,23	1,0
30,98	8,28	1,0
31,01	8,36	1,0
31,03	8,39	1,0
31,06	8,43	1,0
31,08	8,49	1,0
31,11	8,54	1,0
31,13	8,60	1,0
31,15	8,66	1,0
31,18	8,71	1,0
31,20	8,78	1,0
31,23	8,83	1,0
31,25	8,89	1,0
31,28	8,99	1,0
31,30	9,02	1,0
31,33	9,09	1,0
31,35	9,12	1,0
31,37	9,17	1,0
31,40	9,22	1,0
31,42	9,29	1,0
31,45	9,30	1,0
31,47	9,37	1,0
31,50	9,38	1,0
31,52	9,44	1,0
31,55	9,50	1,0
31,57	9,56	1,0
31,59	9,58	1,0
31,62	9,65	1,0
31,64	9,67	1,0
31,67	9,76	1,0
31,69	9,77	1,0
31,72	9,80	1,0
31,74	9,82	1,0
31,77	9,82	1,0
31,79	9,81	1,0
31,81	9,84	1,0
31,84	9,80	1,0
31,86	9,83	1,0
31,89	9,83	1,0
31,91	9,85	1,0
31,94	9,87	1,0
31,96	9,88	1,0
31,99	9,86	1,0
32,01	9,91	1,0
32,03	9,90	1,0
32,06	9,93	1,0
32,08	9,89	1,0
32,11	9,90	1,0
32,13	9,89	1,0
32,16	9,92	1,0
32,18	9,87	1,0
32,20	9,90	1,0
32,23	9,85	1,0
32,25	9,87	1,0
32,28	9,84	1,0
32,30	9,85	1,0
32,33	9,79	1,0
32,35	9,81	1,0
32,38	9,73	1,0
32,40	9,78	1,0
32,42	9,74	1,0
32,45	9,74	1,0
32,47	9,66	1,0
32,50	9,64	1,0
32,52	9,57	1,0
32,55	9,58	1,0
32,57	9,49	1,0
32,60	9,46	1,0
32,62	9,38	1,0
32,64	9,36	1,0
32,67	9,33	1,0
32,69	9,32	1,0
32,72	9,26	1,0
32,74	9,23	1,0
32,77	9,17	1,0
32,79	9,16	1,0
32,82	9,12	1,0
32,84	9,07	1,0
32,86	9,03	1,0
32,89	8,96	1,0
32,91	8,89	1,0
32,94	8,85	1,0
32,96	8,80	1,0
32,99	8,74	1,0
33,01	8,69	1,0
33,04	8,62	1,0
33,06	8,59	1,0
33,08	8,54	1,0
33,11	8,50	1,0
33,13	8,48	1,0
33,16	8,44	1,0
33,18	8,39	1,0
33,21	8,38	1,0
33,23	8,29	1,0
33,26	8,27	1,0
33,28	8,22	1,0
33,30	8,17	1,0
33,33	8,15	1,0
33,35	8,10	1,0
33,38	8,05	1,0
33,40	8,05	1,0
33,43	7,99	1,0
33,45	7,99	1,0
33,47	7,94	1,0
33,50	7,91	1,0
33,52	7,88	1,0
33,55	7,86	1,0
33,57	7,81	1,0
33,60	7,84	1,0
33,62	7,78	1,0
33,65	7,77	1,0
33,67	7,74	1,0
33,69	7,72	1,0
33,72	7,70	1,0
33,74	7,73	1,0
33,77	7,67	1,0
33,79	7,69	1,0
33,82	7,65	1,0
33,84	7,66	1,0
33,87	7,67	1,0
33,89	7,68	1,0
33,91	7,64	1,0
33,94	7,66	1,0
33,96	7,62	1,0
33,99	7,65	1,0
34,01	7,61	1,0
34,04	7,62	1,0
34,06	7,59	1,0
34,09	7,63	1,0
34,11	7,62	1,0
34,13	7,67	1,0
34,16	7,65	1,0
34,18	7,69	1,0
34,21	7,68	1,0
34,23	7,72	1,0
34,26	7,71	1,0
34,28	7,73	1,0
34,31	7,72	1,0
34,33	7,76	1,0
34,35	7,78	1,0
34,38	7,83	1,0
34,40	7,86	1,0
34,43	7,87	1,0
34,45	7,89	1,0
34,48	7,93	1,0
34,50	7,99	1,0
34,52	8,02	1,0
34,55	8,05	1,0
34,57	8,06	1,0
34,60	8,13	1,0
34,62	8,17	1,0
34,65	8,22	1,0
34,67	8,24	1,0
34,70	8,28	1,0
34,72	8,29	1,0
34,74	8,35	1,0
34,77	8,37	1,0
34,79	8,46	1,0
34,82	8,48	1,0
34,84	8,55	1,0
34,87	8,58	1,0
34,89	8,66	1,0
34,92	8,67	1,0
34,94	8,76	1,0
34,96	8,77	1,0
34,99	8,88	1,0
35,01	8,89	1,0
35,04	8,98	1,0
35,06	9,03	1,0
35,09	9,15	1,0
35,11	9,17	1,0
35,14	9,27	1,0
35,16	9,26	1,0
35,18	9,35	1,0
35,21	9,39	1,0
35,23	9,46	1,0
35,26	9,48	1,0
35,28	9,56	1,0
35,31	9,60	1,0
35,33	9,74	1,0
35,36	9,79	1,0
35,38	9,87	1,0
35,40	9,91	1,0
35,43	10,01	1,0
35,45	10,07	1,0
35,48	10,17	1,0
35,50	10,18	1,0
35,53	10,29	1,0
35,55	10,32	1,0
35,57	10,42	1,0
35,60	10,46	1,0
35,62	10,54	1,0
35,65	10,56	1,0
35,67	10,69	1,0
35,70	10,70	1,0
35,72	10,81	1,0
35,75	10,87	1,0
35,77	10,98	1,0
35,79	11,04	1,0
35,82	11,16	1,0
35,84	11,20	1,0
35,87	11,33	1,0
35,89	11,37	1,0
35,92	11,47	1,0
35,94	11,52	1,0
35,97	11,59	1,0
35,99	11,63	1,0
36,01	11,71	1,0
36,04	11,75	1,0
36,06	11,88	1,0
36,09	11,94	1,0
36,11	12,01	1,0
36,14	12,07	1,0
36,16	12,16	1,0
36,19	12,26	1,0
36,21	12,33	1,0
36,23	12,37	1,0
36,26	12,44	1,0
36,28	12,48	1,0
36,31	12,54	1,0
36,33	12,62	1,0
36,36	12,65	1,0
36,38	12,70	1,0
36,41	12,74	1,0
36,43	12,79	1,0
36,45	12,85	1,0
36,48	12,92	1,0
36,50	12,95	1,0
36,53	13,00	1,0
36,55	13,04	1,0
36,58	13,10	1,0
36,60	13,12	1,0
36,62	13,14	1,0
36,65	13,16	1,0
36,67	13,19	1,0
36,70	13,18	1,0
36,72	13,22	1,0
36,75	13,22	1,0
36,77	13,25	1,0
36,80	13,29	1,0
36,82	13,34	1,0
36,84	13,34	1,0
36,87	13,39	1,0
36,89	13,37	1,0
36,92	13,40	1,0
36,94	13,40	1,0
36,97	13,39	1,0
36,99	13,35	1,0
37,02	13,35	1,0
37,04	13,33	1,0
37,06	13,36	1,0
37,09	13,34	1,0
37,11	13,36	1,0
37,14	13,33	1,0
37,16	13,35	1,0
37,19	13,30	1,0
37,21	13,31	1,0
37,24	13,25	1,0
37,26	13,24	1,0
37,28	13,17	1,0
37,31	13,16	1,0
37,33	13,10	1,0
37,36	13,10	1,0
37,38	13,03	1,0
37,41	13,01	1,0
37,43	12,93	1,0
37,46	12,93	1,0
37,48	12,86	1,0
37,50	12,82	1,0
37,53	12,73	1,0
37,55	12,68	1,0
37,58	12,58	1,0
37,60	12,56	1,0
37,63	12,47	1,0
37,65	12,42	1,0
37,68	12,34	1,0
37,70	12,30	1,0
37,72	12,24	1,0
37,75	12,20	1,0
37,77	12,11	1,0
37,80	12,05	1,0
37,82	11,96	1,0
37,85	11,90	1,0
37,87	11,84	1,0
37,89	11,77	1,0
37,92	11,71	1,0
37,94	11,64	1,0
37,97	11,56	1,0
37,99	11,52	1,0
38,02	11,48	1,0
38,04	11,41	1,0
38,07	11,37	1,0
38,09	11,28	1,0
38,11	11,23	1,0
38,14	11,18	1,0
38,16	11,12	1,0
38,19	11,06	1,0
38,21	11,02	1,0
38,24	10,93	1,0
38,26	10,91	1,0
38,29	10,85	1,0
38,31	10,81	1,0
38,33	10,76	1,0
38,36	10,71	1,0
38,38	10,67	1,0
38,41	10,64	1,0
38,43	10,58	1,0
38,46	10,57	1,0
38,48	10,50	1,0
38,51	10,50	1,0
38,53	10,46	1,0
38,55	10,44	1,0
38,58	10,39	1,0
38,60	10,41	1,0
38,63	10,33	1,0
38,65	10,35	1,0
38,68	10,31	1,0
38,70	10,28	1,0
38,73	10,24	1,0
38,75	10,26	1,0
38,77	10,22	1,0
38,80	10,28	1,0
38,82	10,23	1,0
38,85	10,23	1,0
38,87	10,23	1,0
38,90	10,27	1,0
38,92	10,26	1,0
38,94	10,28	1,0
38,97	10,22	1,0
38,99	10,28	1,0
39,02	10,25	1,0
39,04	10,30	1,0
39,07	10,28	1,0
39,09	10,31	1,0
39,12	10,28	1,0
39,14	10,34	1,0
39,16	10,32	1,0
39,19	10,38	1,0
39,21	10,33	1,0
39,24	10,36	1,0
39,26	10,38	1,0
39,29	10,45	1,0
39,31	10,47	1,0
39,34	10,52	1,0
39,36	10,52	1,0
39,38	10,60	1,0
39,41	10,63	1,0
39,43	10,67	1,0
39,46	10,70	1,0
39,48	10,74	1,0
39,51	10,76	1,0
39,53	10,85	1,0
39,56	10,90	1,0
39,58	10,96	1,0
39,60	11,02	1,0
39,63	11,05	1,0
39,65	11,11	1,0
39,68	11,17	1,0
39,70	11,22	1,0
39,73	11,27	1,0
39,75	11,33	1,0
39,78	11,36	1,0
39,80	11,43	1,0
39,82	11,48	1,0
39,85	11,56	1,0
39,87	11,61	1,0
39,90	11,68	1,0
39,92	11,74	1,0
39,95	11,81	1,0
39,97	11,87	1,0
39,99	11,97	1,0
40,02	12,02	1,0
40,04	12,10	1,0
40,07	12,14	1,0
40,09	12,22	1,0
40,12	12,29	1,0
40,14	12,41	1,0
40,17	12,45	1,0
40,19	12,54	1,0
40,21	12,61	1,0
40,24	12,72	1,0
40,26	12,81	1,0
40,29	12,90	1,0
40,31	12,97	1,0
40,34	13,10	1,0
40,36	13,17	1,0
40,39	13,32	1,0
40,41	13,39	1,0
40,43	13,47	1,0
40,46	13,53	1,0
40,48	13,61	1,0
40,51	13,64	1,0
40,53	13,75	1,0
40,56	13,76	1,0
40,58	13,85	1,0
40,61	13,91	1,0
40,63	14,04	1,0
40,65	14,11	1,0
40,68	14,20	1,0
40,70	14,26	1,0
40,73	14,40	1,0
40,75	14,47	1,0
40,78	14,57	1,0
40,80	14,63	1,0
40,83	14,74	1,0
40,85	14,82	1,0
40,87	14,93	1,0
40,90	14,97	1,0
40,92	15,07	1,0
40,95	15,15	1,0
40,97	15,27	1,0
41,00	15,36	1,0
41,02	15,45	1,0
41,05	15,51	1,0
41,07	15,61	1,0
41,09	15,69	1,0
41,12	15,80	1,0
41,14	15,86	1,0
41,17	15,92	1,0
41,19	15,98	1,0
41,22	16,04	1,0
41,24	16,11	1,0
41,26	16,17	1,0
41,29	16,22	1,0
41,31	16,28	1,0
41,34	16,35	1,0
41,36	16,36	1,0
41,39	16,47	1,0
41,41	16,49	1,0
41,44	16,56	1,0
41,46	16,61	1,0
41,48	16,67	1,0
41,51	16,71	1,0
41,53	16,84	1,0
41,56	16,86	1,0
41,58	16,94	1,0
41,61	16,98	1,0
41,63	17,01	1,0
41,66	17,02	1,0
41,68	17,05	1,0
41,70	17,06	1,0
41,73	17,11	1,0
41,75	17,10	1,0
41,78	17,11	1,0
41,80	17,11	1,0
41,83	17,14	1,0
41,85	17,16	1,0
41,88	17,17	1,0
41,90	17,17	1,0
41,92	17,21	1,0
41,95	17,18	1,0
41,97	17,18	1,0
42,00	17,14	1,0
42,02	17,13	1,0
42,05	17,09	1,0
42,07	17,06	1,0
42,10	17,00	1,0
42,12	17,00	1,0
42,14	16,94	1,0
42,17	16,99	1,0
42,19	16,95	1,0
42,22	16,94	1,0
42,24	16,88	1,0
42,27	16,89	1,0
42,29	16,83	1,0
42,31	16,85	1,0
42,34	16,74	1,0
42,36	16,71	1,0
42,39	16,62	1,0
42,41	16,61	1,0
42,44	16,48	1,0
42,46	16,48	1,0
42,49	16,35	1,0
42,51	16,33	1,0
42,53	16,23	1,0
42,56	16,20	1,0
42,58	16,09	1,0
42,61	16,06	1,0
42,63	15,93	1,0
42,66	15,92	1,0
42,68	15,81	1,0
42,71	15,75	1,0
42,73	15,64	1,0
42,75	15,57	1,0
42,78	15,49	1,0
42,80	15,43	1,0
42,83	15,33	1,0
42,85	15,25	1,0
42,88	15,16	1,0
42,90	15,09	1,0
42,93	15,03	1,0
42,95	14,95	1,0
42,97	14,87	1,0
43,00	14,78	1,0
43,02	14,71	1,0
43,05	14,64	1,0
43,07	14,59	1,0
43,10	14,49	1,0
43,12	14,43	1,0
43,15	14,33	1,0
43,17	14,27	1,0
43,19	14,22	1,0
43,22	14,17	1,0
43,24	14,10	1,0
43,27	14,05	1,0
43,29	13,98	1,0
43,32	13,97	1,0
43,34	13,89	1,0
43,36	13,84	1,0
43,39	13,76	1,0
43,41	13,72	1,0
43,44	13,65	1,0
43,46	13,62	1,0
43,49	13,54	1,0
43,51	13,53	1,0
43,54	13,46	1,0
43,56	13,45	1,0
43,58	13,40	1,0
43,61	13,39	1,0
43,63	13,35	1,0
43,66	13,39	1,0
43,68	13,36	1,0
43,71	13,36	1,0
43,73	13,34	1,0
43,76	13,36	1,0
43,78	13,32	1,0
43,80	13,32	1,0
43,83	13,25	1,0
43,85	13,28	1,0
43,88	13,24	1,0
43,90	13,26	1,0
43,93	13,26	1,0
43,95	13,30	1,0
43,98	13,29	1,0
44,00	13,35	1,0
44,02	13,31	1,0
44,05	13,37	1,0
44,07	13,35	1,0
44,10	13,38	1,0
44,12	13,37	1,0
44,15	13,40	1,0
44,17	13,38	1,0
44,20	13,48	1,0
44,22	13,49	1,0
44,24	13,55	1,0
44,27	13,55	1,0
44,29	13,60	1,0
44,32	13,63	1,0
44,34	13,70	1,0
44,37	13,70	1,0
44,39	13,76	1,0
44,41	13,78	1,0
44,44	13,84	1,0
44,46	13,89	1,0
44,49	13,95	1,0
44,51	13,99	1,0
44,54	14,05	1,0
44,56	14,08	1,0
44,59	14,16	1,0
44,61	14,22	1,0
44,63	14,27	1,0
44,66	14,36	1,0
44,68	14,40	1,0
44,71	14,46	1,0
44,73	14,53	1,0
44,76	14,60	1,0
44,78	14,70	1,0
44,81	14,79	1,0
44,83	14,83	1,0
44,85	14,93	1,0
44,88	15,00	1,0
44,90	15,10	1,0
44,93	15,17	1,0
44,95	15,25	1,0
44,98	15,30	1,0
45,00	15,39	1,0
45,03	15,44	1,0
45,05	15,57	1,0
45,07	15,62	1,0
45,10	15,74	1,0
45,12	15,83	1,0
45,15	15,94	1,0
45,17	16,03	1,0
45,20	16,17	1,0
45,22	16,24	1,0
45,25	16,36	1,0
45,27	16,40	1,0
45,29	16,49	1,0
45,32	16,55	1,0
45,34	16,64	1,0
45,37	16,70	1,0
45,39	16,83	1,0
45,42	16,90	1,0
45,44	17,01	1,0
45,47	17,09	1,0
45,49	17,22	1,0
45,51	17,32	1,0
45,54	17,42	1,0
45,56	17,47	1,0
45,59	17,58	1,0
45,61	17,64	1,0
45,64	17,80	1,0
45,66	17,88	1,0
45,68	18,00	1,0
45,71	18,08	1,0
45,73	18,19	1,0
45,76	18,25	1,0
45,78	18,40	1,0
45,81	18,43	1,0
45,83	18,54	1,0
45,86	18,62	1,0
45,88	18,74	1,0
45,90	18,82	1,0
45,93	18,95	1,0
45,95	19,01	1,0
45,98	19,13	1,0
46,00	19,20	1,0
46,03	19,30	1,0
46,05	19,38	1,0
46,08	19,48	1,0
46,10	19,55	1,0
46,12	19,64	1,0
46,15	19,73	1,0
46,17	19,84	1,0
46,20	19,92	1,0
46,22	20,00	1,0
46,25	20,10	1,0
46,27	20,19	1,0
46,30	20,27	1,0
46,32	20,35	1,0
46,34	20,40	1,0
46,37	20,44	1,0
46,39	20,50	1,0
46,42	20,54	1,0
46,44	20,63	1,0
46,47	20,68	1,0
46,49	20,74	1,0
46,52	20,79	1,0
46,54	20,86	1,0
46,56	20,90	1,0
46,59	21,00	1,0
46,61	21,03	1,0
46,64	21,10	1,0
46,66	21,14	1,0
46,69	21,18	1,0
46,71	21,20	1,0
46,73	21,25	1,0
46,76	21,23	1,0
46,78	21,26	1,0
46,81	21,25	1,0
46,83	21,28	1,0
46,86	21,29	1,0
46,88	21,33	1,0
46,91	21,32	1,0
46,93	21,35	1,0
46,95	21,34	1,0
46,98	21,39	1,0
47,00	21,36	1,0
47,03	21,38	1,0
47,05	21,38	1,0
47,08	21,38	1,0
47,10	21,34	1,0
47,13	21,34	1,0
47,15	21,26	1,0
47,17	21,26	1,0
47,20	21,19	1,0
47,22	21,17	1,0
47,25	21,12	1,0
47,27	21,11	1,0
47,30	21,04	1,0
47,32	21,05	1,0
47,35	20,96	1,0
47,37	20,95	1,0
47,39	20,85	1,0
47,42	20,81	1,0
47,44	20,73	1,0
47,47	20,71	1,0
47,49	20,60	1,0
47,52	20,57	1,0
47,54	20,47	1,0
47,57	20,44	1,0
47,59	20,36	1,0
47,61	20,30	1,0
47,64	20,16	1,0
47,66	20,09	1,0
47,69	20,00	1,0
47,71	19,99	1,0
47,74	19,86	1,0
47,76	19,78	1,0
47,78	19,68	1,0
47,81	19,61	1,0
47,83	19,53	1,0
47,86	19,46	1,0
47,88	19,32	1,0
47,91	19,24	1,0
47,93	19,14	1,0
47,96	19,05	1,0
47,98	19,00	1,0
48,00	18,90	1,0
48,03	18,81	1,0
48,05	18,72	1,0
48,08	18,65	1,0
48,10	18,58	1,0
48,13	18,53	1,0
48,15	18,42	1,0
48,18	18,35	1,0
48,20	18,25	1,0
48,22	18,18	1,0
48,25	18,09	1,0
48,27	18,01	1,0
48,30	17,91	1,0
48,32	17,84	1,0
48,35	17,76	1,0
48,37	17,72	1,0
48,40	17,64	1,0
48,42	17,59	1,0
48,44	17,54	1,0
48,47	17,50	1,0
48,49	17,45	1,0
48,52	17,42	1,0
48,54	17,36	1,0
48,57	17,33	1,0
48,59	17,29	1,0
48,62	17,25	1,0
48,64	17,21	1,0
48,66	17,18	1,0
48,69	17,12	1,0
48,71	17,12	1,0
48,74	17,11	1,0
48,76	17,13	1,0
48,79	17,09	1,0
48,81	17,10	1,0
48,84	17,10	1,0
48,86	17,11	1,0
48,88	17,09	1,0
48,91	17,13	1,0
48,93	17,10	1,0
48,96	17,14	1,0
48,98	17,11	1,0
49,01	17,13	1,0
49,03	17,13	1,0
49,05	17,16	1,0
49,08	17,13	1,0
49,10	17,17	1,0
49,13	17,15	1,0
49,15	17,22	1,0
49,18	17,22	1,0
49,20	17,28	1,0
49,23	17,29	1,0
49,25	17,34	1,0
49,27	17,32	1,0
49,30	17,42	1,0
49,32	17,40	1,0
49,35	17,47	1,0
49,37	17,49	1,0
49,40	17,53	1,0
49,42	17,54	1,0
49,45	17,65	1,0
49,47	17,67	1,0
49,49	17,78	1,0
49,52	17,79	1,0
49,54	17,86	1,0
49,57	17,92	1,0
49,59	18,01	1,0
49,62	18,03	1,0
49,64	18,12	1,0
49,67	18,15	1,0
49,69	18,25	1,0
49,71	18,32	1,0
49,74	18,42	1,0
49,76	18,49	1,0
49,79	18,59	1,0
49,81	18,63	1,0
49,84	18,71	1,0
49,86	18,78	1,0
49,89	18,87	1,0
49,91	18,96	1,0
49,93	19,02	1,0
49,96	19,10	1,0
49,98	19,19	1,0
50,01	19,30	1,0
50,03	19,43	1,0
50,06	19,54	1,0
50,08	19,61	1,0
50,10	19,73	1,0
50,13	19,81	1,0
50,15	19,94	1,0
50,18	20,04	1,0
50,20	20,12	1,0
50,23	20,19	1,0
50,25	20,29	1,0
50,28	20,38	1,0
50,30	20,51	1,0
50,32	20,57	1,0
50,35	20,69	1,0
50,37	20,81	1,0
50,40	20,95	1,0
50,42	21,05	1,0
50,45	21,17	1,0
50,47	21,27	1,0
50,50	21,43	1,0
50,52	21,50	1,0
50,54	21,61	1,0
50,57	21,69	1,0
50,59	21,81	1,0
50,62	21,89	1,0
50,64	22,02	1,0
50,67	22,09	1,0
50,69	22,20	1,0
50,72	22,28	1,0
50,74	22,40	1,0
50,76	22,54	1,0
50,79	22,68	1,0
50,81	22,76	1,0
50,84	22,89	1,0
50,86	22,99	1,0
50,89	23,13	1,0
50,91	23,22	1,0
50,94	23,32	1,0
50,96	23,39	1,0
50,98	23,51	1,0
51,01	23,58	1,0
51,03	23,74	1,0
51,06	23,82	1,0
51,08	23,95	1,0
51,11	24,06	1,0
51,13	24,20	1,0
51,15	24,28	1,0
51,18	24,42	1,0
51,20	24,48	1,0
51,23	24,60	1,0
51,25	24,67	1,0
51,28	24,77	1,0
51,30	24,85	1,0
51,33	24,95	1,0
51,35	25,01	1,0
51,37	25,09	1,0
51,40	25,16	1,0
51,42	25,27	1,0
51,45	25,35	1,0
51,47	25,42	1,0
51,50	25,51	1,0
51,52	25,61	1,0
51,55	25,71	1,0
51,57	25,79	1,0
51,59	25,83	1,0
51,62	25,89	1,0
51,64	25,96	1,0
51,67	26,00	1,0
51,69	26,08	1,0
51,72	26,12	1,0
51,74	26,17	1,0
51,77	26,21	1,0
51,79	26,27	1,0
51,81	26,30	1,0
51,84	26,38	1,0
51,86	26,39	1,0
51,89	26,44	1,0
51,91	26,44	1,0
51,94	26,48	1,0
51,96	26,49	1,0
51,99	26,53	1,0
52,01	26,49	1,0
52,03	26,52	1,0
52,06	26,49	1,0
52,08	26,52	1,0
52,11	26,50	1,0
52,13	26,51	1,0
52,16	26,47	1,0
52,18	26,47	1,0
52,20	26,43	1,0
52,23	26,43	1,0
52,25	26,36	1,0
52,28	26,36	1,0
52,30	26,30	1,0
52,33	26,27	1,0
52,35	26,20	1,0
52,38	26,16	1,0
52,40	26,08	1,0
52,42	26,06	1,0
52,45	25,94	1,0
52,47	25,91	1,0
52,50	25,83	1,0
52,52	25,79	1,0
52,55	25,69	1,0
52,57	25,69	1,0
52,60	25,58	1,0
52,62	25,57	1,0
52,64	25,44	1,0
52,67	25,40	1,0
52,69	25,30	1,0
52,72	25,27	1,0
52,74	25,12	1,0
52,77	25,09	1,0
52,79	24,96	1,0
52,82	24,93	1,0
52,84	24,82	1,0
52,86	24,76	1,0
52,89	24,63	1,0
52,91	24,56	1,0
52,94	24,42	1,0
52,96	24,38	1,0
52,99	24,26	1,0
53,01	24,19	1,0
53,04	24,07	1,0
53,06	23,98	1,0
53,08	23,89	1,0
53,11	23,85	1,0
53,13	23,75	1,0
53,16	23,68	1,0
53,18	23,58	1,0
53,21	23,50	1,0
53,23	23,45	1,0
53,26	23,38	1,0
53,28	23,28	1,0
53,30	23,21	1,0
53,33	23,13	1,0
53,35	23,08	1,0
53,38	23,02	1,0
53,40	22,95	1,0
53,43	22,90	1,0
53,45	22,82	1,0
53,47	22,73	1,0
53,50	22,68	1,0
53,52	22,61	1,0
53,55	22,55	1,0
53,57	22,51	1,0
53,60	22,44	1,0
53,62	22,41	1,0
53,65	22,38	1,0
53,67	22,34	1,0
53,69	22,33	1,0
53,72	22,30	1,0
53,74	22,26	1,0
53,77	22,25	1,0
53,79	22,21	1,0
53,82	22,18	1,0
53,84	22,15	1,0
53,87	22,15	1,0
53,89	22,12	1,0
53,91	22,11	1,0
53,94	22,09	1,0
53,96	22,12	1,0
53,99	22,12	1,0
54,01	22,18	1,0
54,04	22,15	1,0
54,06	22,21	1,0
54,09	22,21	1,0
54,11	22,22	1,0
54,13	22,23	1,0
54,16	22,29	1,0
54,18	22,26	1,0
54,21	22,32	1,0
54,23	22,30	1,0
54,26	22,37	1,0
54,28	22,41	1,0
54,31	22,48	1,0
54,33	22,48	1,0
54,35	22,56	1,0
54,38	22,56	1,0
54,40	22,63	1,0
54,43	22,70	1,0
54,45	22,77	1,0
54,48	22,78	1,0
54,50	22,86	1,0
54,52	22,87	1,0
54,55	22,98	1,0
54,57	23,03	1,0
54,60	23,07	1,0
54,62	23,13	1,0
54,65	23,23	1,0
54,67	23,29	1,0
54,70	23,40	1,0
54,72	23,43	1,0
54,74	23,51	1,0
54,77	23,58	1,0
54,79	23,67	1,0
54,82	23,75	1,0
54,84	23,84	1,0
54,87	23,91	1,0
54,89	24,04	1,0
54,92	24,16	1,0
54,94	24,28	1,0
54,96	24,38	1,0
54,99	24,45	1,0
55,01	24,56	1,0
55,04	24,65	1,0
55,06	24,77	1,0
55,09	24,85	1,0
55,11	24,95	1,0
55,14	25,01	1,0
55,16	25,16	1,0
55,18	25,25	1,0
55,21	25,40	1,0
55,23	25,50	1,0
55,26	25,64	1,0
55,28	25,76	1,0
55,31	25,93	1,0
55,33	26,01	1,0
55,36	26,19	1,0
55,38	26,26	1,0
55,40	26,42	1,0
55,43	26,50	1,0
55,45	26,63	1,0
55,48	26,68	1,0
55,50	26,82	1,0
55,53	26,89	1,0
55,55	27,06	1,0
55,57	27,16	1,0
55,60	27,33	1,0
55,62	27,45	1,0
55,65	27,65	1,0
55,67	27,76	1,0
55,70	27,93	1,0
55,72	28,02	1,0
55,75	28,18	1,0
55,77	28,26	1,0
55,79	28,41	1,0
55,82	28,52	1,0
55,84	28,69	1,0
55,87	28,79	1,0
55,89	28,97	1,0
55,92	29,05	1,0
55,94	29,25	1,0
55,97	29,37	1,0
55,99	29,53	1,0
56,01	29,62	1,0
56,04	29,79	1,0
56,06	29,89	1,0
56,09	30,07	1,0
56,11	30,17	1,0
56,14	30,28	1,0
56,16	30,38	1,0
56,19	30,53	1,0
56,21	30,63	1,0
56,23	30,77	1,0
56,26	30,85	1,0
56,28	30,98	1,0
56,31	31,11	1,0
56,33	31,26	1,0
56,36	31,38	1,0
56,38	31,52	1,0
56,41	31,61	1,0
56,43	31,75	1,0
56,45	31,85	1,0
56,48	31,96	1,0
56,50	32,03	1,0
56,53	32,10	1,0
56,55	32,18	1,0
56,58	32,30	1,0
56,60	32,41	1,0
56,62	32,52	1,0
56,65	32,62	1,0
56,67	32,70	1,0
56,70	32,80	1,0
56,72	32,87	1,0
56,75	32,95	1,0
56,77	32,98	1,0
56,80	33,05	1,0
56,82	33,06	1,0
56,84	33,13	1,0
56,87	33,19	1,0
56,89	33,28	1,0
56,92	33,31	1,0
56,94	33,40	1,0
56,97	33,41	1,0
56,99	33,49	1,0
57,02	33,53	1,0
57,04	33,60	1,0
57,06	33,60	1,0
57,09	33,66	1,0
57,11	33,63	1,0
57,14	33,67	1,0
57,16	33,67	1,0
57,19	33,67	1,0
57,21	33,65	1,0
57,24	33,66	1,0
57,26	33,62	1,0
57,28	33,67	1,0
57,31	33,63	1,0
57,33	33,63	1,0
57,36	33,60	1,0
57,38	33,60	1,0
57,41	33,55	1,0
57,43	33,53	1,0
57,46	33,46	1,0
57,48	33,45	1,0
57,50	33,35	1,0
57,53	33,35	1,0
57,55	33,26	1,0
57,58	33,20	1,0
57,60	33,14	1,0
57,63	33,12	1,0
57,65	33,05	1,0
57,68	33,05	1,0
57,70	32,93	1,0
57,72	32,92	1,0
57,75	32,88	1,0
57,77	32,86	1,0
57,80	32,75	1,0
57,82	32,72	1,0
57,85	32,62	1,0
57,87	32,61	1,0
57,89	32,54	1,0
57,92	32,47	1,0
57,94	32,36	1,0
57,97	32,32	1,0
57,99	32,21	1,0
58,02	32,18	1,0
58,04	32,07	1,0
58,07	31,97	1,0
58,09	31,86	1,0
58,11	31,76	1,0
58,14	31,67	1,0
58,16	31,60	1,0
58,19	31,48	1,0
58,21	31,41	1,0
58,24	31,34	1,0
58,26	31,30	1,0
58,29	31,26	1,0
58,31	31,19	1,0
58,33	31,12	1,0
58,36	31,06	1,0
58,38	31,00	1,0
58,41	30,93	1,0
58,43	30,88	1,0
58,46	30,81	1,0
58,48	30,77	1,0
58,51	30,71	1,0
58,53	30,63	1,0
58,55	30,59	1,0
58,58	30,56	1,0
58,60	30,49	1,0
58,63	30,48	1,0
58,65	30,42	1,0
58,68	30,39	1,0
58,70	30,38	1,0
58,73	30,35	1,0
58,75	30,31	1,0
58,77	30,30	1,0
58,80	30,26	1,0
58,82	30,26	1,0
58,85	30,20	1,0
58,87	30,20	1,0
58,90	30,14	1,0
58,92	30,14	1,0
58,94	30,09	1,0
58,97	30,10	1,0
58,99	30,09	1,0
59,02	30,14	1,0
59,04	30,14	1,0
59,07	30,18	1,0
59,09	30,18	1,0
59,12	30,24	1,0
59,14	30,23	1,0
59,16	30,26	1,0
59,19	30,26	1,0
59,21	30,32	1,0
59,24	30,32	1,0
59,26	30,36	1,0
59,29	30,36	1,0
59,31	30,43	1,0
59,34	30,44	1,0
59,36	30,56	1,0
59,38	30,56	1,0
59,41	30,65	1,0
59,43	30,69	1,0
59,46	30,80	1,0
59,48	30,85	1,0
59,51	30,95	1,0
59,53	30,95	1,0
59,56	31,06	1,0
59,58	31,13	1,0
59,60	31,22	1,0
59,63	31,25	1,0
59,65	31,32	1,0
59,68	31,37	1,0
59,70	31,48	1,0
59,73	31,55	1,0
59,75	31,66	1,0
59,78	31,73	1,0
59,80	31,86	1,0
59,82	32,00	1,0
59,85	32,15	1,0
59,87	32,26	1,0
59,90	32,38	1,0
59,92	32,49	1,0
59,95	32,63	1,0
59,97	32,72	1,0
59,99	32,78	1,0
