Voltage U1	Corriente IA
U1/V	IA/nA

0,02	0,56
0,04	0,54
0,07	0,53
0,09	0,52
0,12	0,50
0,14	0,50
0,17	0,52
0,19	0,53
0,21	0,55
0,24	0,55
0,26	0,53
0,29	0,52
0,31	0,53
0,34	0,50
0,36	0,51
0,39	0,50
0,41	0,50
0,43	0,51
0,46	0,52
0,48	0,51
0,51	0,57
0,53	0,55
0,56	0,56
0,58	0,54
0,61	0,55
0,63	0,53
0,65	0,53
0,68	0,48
0,70	0,49
0,73	0,46
0,75	0,48
0,78	0,48
0,80	0,51
0,83	0,48
0,85	0,49
0,87	0,47
0,90	0,51
0,92	0,50
0,95	0,51
0,97	0,51
1,00	0,55
1,02	0,53
1,05	0,57
1,07	0,53
1,09	0,55
1,12	0,49
1,14	0,51
1,17	0,46
1,19	0,48
1,22	0,45
1,24	0,51
1,26	0,49
1,29	0,53
1,31	0,51
1,34	0,56
1,36	0,54
1,39	0,56
1,41	0,50
1,44	0,51
1,46	0,48
1,48	0,49
1,51	0,48
1,53	0,49
1,56	0,47
1,58	0,49
1,61	0,47
1,63	0,54
1,66	0,53
1,68	0,53
1,70	0,51
1,73	0,51
1,75	0,51
1,78	0,52
1,80	0,49
1,83	0,49
1,85	0,47
1,88	0,48
1,90	0,52
1,92	0,52
1,95	0,53
1,97	0,53
2,00	0,53
2,02	0,53
2,05	0,55
2,07	0,52
2,10	0,55
2,12	0,53
2,14	0,53
2,17	0,51
2,19	0,51
2,22	0,49
2,24	0,50
2,27	0,47
2,29	0,50
2,31	0,46
2,34	0,49
2,36	0,51
2,39	0,53
2,41	0,50
2,44	0,51
2,46	0,47
2,49	0,50
2,51	0,51
2,53	0,51
2,56	0,47
2,58	0,48
2,61	0,46
2,63	0,50
2,66	0,50
2,68	0,50
2,71	0,49
2,73	0,52
2,75	0,49
2,78	0,53
2,80	0,50
2,83	0,51
2,85	0,47
2,88	0,50
2,90	0,51
2,93	0,56
2,95	0,51
2,97	0,54
3,00	0,51
3,02	0,56
3,05	0,53
3,07	0,53
3,10	0,54
3,12	0,57
3,15	0,54
3,17	0,58
3,19	0,54
3,22	0,55
3,24	0,54
3,27	0,52
3,29	0,51
3,32	0,54
3,34	0,52
3,36	0,54
3,39	0,54
3,41	0,54
3,44	0,56
3,46	0,57
3,49	0,55
3,51	0,54
3,54	0,53
3,56	0,54
3,58	0,54
3,61	0,51
3,63	0,52
3,66	0,49
3,68	0,50
3,71	0,48
3,73	0,48
3,76	0,47
3,78	0,47
3,80	0,48
3,83	0,53
3,85	0,52
3,88	0,55
3,90	0,54
3,93	0,53
3,95	0,53
3,98	0,52
4,00	0,47
4,02	0,49
4,05	0,46
4,07	0,49
4,10	0,50
4,12	0,50
4,15	0,49
4,17	0,52
4,20	0,49
4,22	0,52
4,24	0,49
4,27	0,51
4,29	0,48
4,32	0,49
4,34	0,48
4,37	0,53
4,39	0,49
4,42	0,51
4,44	0,48
4,46	0,53
4,49	0,51
4,51	0,53
4,54	0,49
4,56	0,55
4,59	0,52
4,61	0,56
4,63	0,51
4,66	0,52
4,68	0,51
4,71	0,54
4,73	0,48
4,76	0,50
4,78	0,46
4,81	0,49
4,83	0,50
4,85	0,52
4,88	0,51
4,90	0,53
4,93	0,51
4,95	0,54
4,98	0,54
5,00	0,55
5,03	0,54
5,05	0,53
5,07	0,52
5,10	0,54
5,12	0,52
5,15	0,52
5,17	0,52
5,20	0,50
5,22	0,51
5,25	0,51
5,27	0,53
5,29	0,56
5,32	0,58
5,34	0,54
5,37	0,56
5,39	0,54
5,42	0,58
5,44	0,55
5,47	0,55
5,49	0,50
5,51	0,52
5,54	0,52
5,56	0,55
5,59	0,52
5,61	0,53
5,64	0,51
5,66	0,55
5,68	0,53
5,71	0,54
5,73	0,54
5,76	0,55
5,78	0,53
5,81	0,55
5,83	0,53
5,86	0,55
5,88	0,52
5,90	0,52
5,93	0,48
5,95	0,50
5,98	0,48
6,00	0,51
6,03	0,52
6,05	0,55
6,08	0,50
6,10	0,55
6,12	0,52
6,15	0,54
6,17	0,49
6,20	0,47
6,22	0,46
6,25	0,50
6,27	0,48
6,30	0,51
6,32	0,48
6,34	0,51
6,37	0,51
6,39	0,55
6,42	0,54
6,44	0,56
6,47	0,52
6,49	0,55
6,52	0,54
6,54	0,56
6,56	0,55
6,59	0,53
6,61	0,51
6,64	0,53
6,66	0,53
6,69	0,54
6,71	0,54
6,73	0,52
6,76	0,55
6,78	0,54
6,81	0,55
6,83	0,55
6,86	0,55
6,88	0,52
6,91	0,52
6,93	0,51
6,95	0,54
6,98	0,51
7,00	0,52
7,03	0,52
7,05	0,53
7,08	0,54
7,10	0,59
7,13	0,58
7,15	0,61
7,17	0,61
7,20	0,61
7,22	0,62
7,25	0,62
7,27	0,58
7,30	0,61
7,32	0,58
7,35	0,59
7,37	0,58
7,39	0,56
7,42	0,54
7,44	0,58
7,47	0,55
7,49	0,60
7,52	0,56
7,54	0,61
7,57	0,60
7,59	0,63
7,61	0,59
7,64	0,61
7,66	0,57
7,69	0,61
7,71	0,55
7,74	0,59
7,76	0,56
7,78	0,59
7,81	0,56
7,83	0,62
7,86	0,58
7,88	0,62
7,91	0,59
7,93	0,62
7,96	0,60
7,98	0,63
8,00	0,59
8,03	0,65
8,05	0,63
8,08	0,66
8,10	0,66
8,13	0,67
8,15	0,66
8,18	0,68
8,20	0,65
8,22	0,68
8,25	0,67
8,27	0,67
8,30	0,66
8,32	0,66
8,35	0,66
8,37	0,67
8,40	0,64
8,42	0,63
8,44	0,62
8,47	0,62
8,49	0,65
8,52	0,65
8,54	0,66
8,57	0,67
8,59	0,68
8,62	0,71
8,64	0,74
8,66	0,72
8,69	0,73
8,71	0,68
8,74	0,69
8,76	0,69
8,79	0,69
8,81	0,66
8,84	0,68
8,86	0,67
8,88	0,71
8,91	0,70
8,93	0,70
8,96	0,67
8,98	0,68
9,01	0,65
9,03	0,69
9,05	0,67
9,08	0,69
9,10	0,67
9,13	0,72
9,15	0,71
9,18	0,72
9,20	0,68
9,23	0,73
9,25	0,70
9,27	0,73
9,30	0,70
9,32	0,73
9,35	0,71
9,37	0,76
9,40	0,71
9,42	0,74
9,45	0,72
9,47	0,76
9,49	0,76
9,52	0,79
9,54	0,75
9,57	0,78
9,59	0,75
9,62	0,81
9,64	0,78
9,67	0,78
9,69	0,76
9,71	0,78
9,74	0,76
9,76	0,78
9,79	0,74
9,81	0,74
9,84	0,72
9,86	0,74
9,89	0,75
9,91	0,75
9,93	0,76
9,96	0,77
9,98	0,77
10,01	0,79
10,03	0,80
10,06	0,79
10,08	0,81
10,10	0,79
10,13	0,78
10,15	0,78
10,18	0,80
10,20	0,79
10,23	0,85
10,25	0,85
10,28	0,87
10,30	0,88
10,32	0,92
10,35	0,91
10,37	0,92
10,40	0,85
10,42	0,87
10,45	0,85
10,47	0,84
10,50	0,82
10,52	0,83
10,54	0,79
10,57	0,87
10,59	0,84
10,62	0,88
10,64	0,85
10,67	0,87
10,69	0,86
10,72	0,89
10,74	0,81
10,76	0,87
10,79	0,84
10,81	0,89
10,84	0,86
10,86	0,87
10,89	0,86
10,91	0,90
10,94	0,86
10,96	0,90
10,98	0,87
11,01	0,91
11,03	0,89
11,06	0,92
11,08	0,89
11,11	0,92
11,13	0,87
11,15	0,90
11,18	0,87
11,20	0,89
11,23	0,85
11,25	0,88
11,28	0,88
11,30	0,91
11,33	0,89
11,35	0,91
11,37	0,89
11,40	0,92
11,42	0,93
11,45	0,94
11,47	0,93
11,50	0,94
11,52	0,92
11,55	0,94
11,57	0,95
11,59	0,94
11,62	0,95
11,64	0,95
11,67	0,96
11,69	1,00
11,72	1,00
11,74	1,00
11,77	1,01
11,79	0,99
11,81	1,01
11,84	1,01
11,86	0,99
11,89	1,00
11,91	1,01
11,94	1,02
11,96	1,05
11,99	1,03
12,01	1,06
12,03	1,06
12,06	1,08
12,08	1,08
12,11	1,09
12,13	1,08
12,16	1,14
12,18	1,09
12,21	1,12
12,23	1,11
12,25	1,11
12,28	1,09
12,30	1,10
12,33	1,08
12,35	1,13
12,38	1,09
12,40	1,10
12,42	1,10
12,45	1,15
12,47	1,15
12,50	1,17
12,52	1,12
12,55	1,18
12,57	1,16
12,60	1,19
12,62	1,16
12,64	1,16
12,67	1,14
12,69	1,19
12,72	1,17
12,74	1,21
12,77	1,16
12,79	1,18
12,82	1,19
12,84	1,21
12,86	1,20
12,89	1,23
12,91	1,19
12,94	1,22
12,96	1,22
12,99	1,24
13,01	1,23
13,04	1,24
13,06	1,20
13,08	1,24
13,11	1,25
13,13	1,26
13,16	1,28
13,18	1,28
13,21	1,27
13,23	1,29
13,26	1,30
13,28	1,32
13,30	1,31
13,33	1,27
13,35	1,28
13,38	1,26
13,40	1,26
13,43	1,25
13,45	1,23
13,47	1,23
13,50	1,24
13,52	1,24
13,55	1,27
13,57	1,27
13,60	1,28
13,62	1,29
13,65	1,29
13,67	1,29
13,69	1,30
13,72	1,27
13,74	1,28
13,77	1,25
13,79	1,26
13,82	1,26
13,84	1,27
13,87	1,26
13,89	1,33
13,91	1,32
13,94	1,36
13,96	1,34
13,99	1,37
14,01	1,37
14,04	1,40
14,06	1,34
14,09	1,36
14,11	1,31
14,13	1,34
14,16	1,30
14,18	1,32
14,21	1,26
14,23	1,28
14,26	1,24
14,28	1,28
14,31	1,25
14,33	1,29
14,35	1,28
14,38	1,32
14,40	1,30
14,43	1,34
14,45	1,30
14,48	1,31
14,50	1,28
14,52	1,29
14,55	1,28
14,57	1,28
14,60	1,25
14,62	1,26
14,65	1,25
14,67	1,28
14,70	1,26
14,72	1,26
14,74	1,28
14,77	1,28
14,79	1,30
14,82	1,31
14,84	1,27
14,87	1,26
14,89	1,27
14,92	1,24
14,94	1,26
14,96	1,25
14,99	1,24
15,01	1,25
15,04	1,25
15,06	1,24
15,09	1,29
15,11	1,27
15,14	1,30
15,16	1,28
15,18	1,30
15,21	1,31
15,23	1,32
15,26	1,28
15,28	1,30
15,31	1,25
15,33	1,30
15,36	1,28
15,38	1,31
15,40	1,32
15,43	1,34
15,45	1,32
15,48	1,41
15,50	1,37
15,53	1,37
15,55	1,36
15,57	1,35
15,60	1,34
15,62	1,37
15,65	1,29
15,67	1,34
15,70	1,32
15,72	1,34
15,75	1,34
15,77	1,36
15,79	1,34
15,82	1,40
15,84	1,39
15,87	1,43
15,89	1,42
15,92	1,44
15,94	1,43
15,97	1,48
15,99	1,43
16,01	1,46
16,04	1,42
16,06	1,45
16,09	1,45
16,11	1,48
16,14	1,47
16,16	1,49
16,19	1,47
16,21	1,56
16,23	1,54
16,26	1,55
16,28	1,55
16,31	1,54
16,33	1,56
16,36	1,57
16,38	1,53
16,41	1,55
16,43	1,54
16,45	1,55
16,48	1,60
16,50	1,62
16,53	1,65
16,55	1,68
16,58	1,70
16,60	1,73
16,63	1,76
16,65	1,76
16,67	1,77
16,70	1,78
16,72	1,79
16,75	1,81
16,77	1,80
16,80	1,80
16,82	1,84
16,84	1,82
16,87	1,85
16,89	1,86
16,92	1,86
16,94	1,93
16,97	1,96
16,99	1,95
17,02	2,00
17,04	1,98
17,06	1,99
17,09	2,00
17,11	2,01
17,14	2,01
17,16	2,00
17,19	1,98
17,21	2,06
17,24	2,05
17,26	2,09
17,28	2,06
17,31	2,09
17,33	2,10
17,36	2,17
17,38	2,14
17,41	2,19
17,43	2,16
17,46	2,21
17,48	2,22
17,50	2,25
17,53	2,21
17,55	2,24
17,58	2,21
17,60	2,26
17,63	2,23
17,65	2,23
17,68	2,23
17,70	2,26
17,72	2,23
17,75	2,25
17,77	2,21
17,80	2,24
17,82	2,23
17,85	2,22
17,87	2,21
17,89	2,23
17,92	2,23
17,94	2,25
17,97	2,23
17,99	2,23
18,02	2,25
18,04	2,25
18,07	2,25
18,09	2,24
18,11	2,24
18,14	2,24
18,16	2,26
18,19	2,25
18,21	2,26
18,24	2,21
18,26	2,22
18,29	2,21
18,31	2,21
18,33	2,20
18,36	2,18
18,38	2,15
18,41	2,21
18,43	2,18
18,46	2,20
18,48	2,18
18,51	2,17
18,53	2,14
18,55	2,15
18,58	2,10
18,60	2,11
18,63	2,06
18,65	2,07
18,68	2,05
18,70	2,11
18,73	2,09
18,75	2,10
18,77	2,05
18,80	2,11
18,82	2,07
18,85	2,10
18,87	2,04
18,90	2,06
18,92	2,02
18,94	2,09
18,97	2,01
18,99	2,03
19,02	1,97
19,04	1,99
19,07	1,94
19,09	1,97
19,12	1,88
19,14	1,95
19,16	1,90
19,19	1,93
19,21	1,89
19,24	1,91
19,26	1,86
19,29	1,92
19,31	1,87
19,34	1,89
19,36	1,84
19,38	1,85
19,41	1,83
19,43	1,86
19,46	1,82
19,48	1,82
19,51	1,80
19,53	1,82
19,56	1,82
19,58	1,82
19,60	1,81
19,63	1,80
19,65	1,78
19,68	1,79
19,70	1,77
19,73	1,76
19,75	1,77
19,78	1,75
19,80	1,76
19,82	1,77
19,85	1,79
19,87	1,81
19,90	1,84
19,92	1,81
19,95	1,83
19,97	1,82
19,99	1,81
20,02	1,79
20,04	1,80
20,07	1,76
20,09	1,77
20,12	1,78
20,14	1,82
20,17	1,83
20,19	1,84
20,21	1,85
20,24	1,87
20,26	1,88
20,29	1,89
20,31	1,85
20,34	1,88
20,36	1,86
20,39	1,87
20,41	1,89
20,43	1,93
20,46	1,91
20,48	1,97
20,51	1,96
20,53	2,02
20,56	2,01
20,58	2,02
20,61	2,00
20,63	2,05
20,65	2,02
20,68	2,07
20,70	2,05
20,73	2,10
20,75	2,08
20,78	2,14
20,80	2,14
20,83	2,18
20,85	2,16
20,87	2,21
20,90	2,20
20,92	2,26
20,95	2,24
20,97	2,29
21,00	2,30
21,02	2,34
21,05	2,34
21,07	2,39
21,09	2,42
21,12	2,48
21,14	2,51
21,17	2,53
21,19	2,53
21,22	2,56
21,24	2,59
21,26	2,62
21,29	2,63
21,31	2,64
21,34	2,69
21,36	2,73
21,39	2,77
21,41	2,79
21,44	2,82
21,46	2,84
21,48	2,88
21,51	2,91
21,53	2,98
21,56	2,98
21,58	3,01
21,61	3,06
21,63	3,10
21,66	3,12
21,68	3,18
21,70	3,18
21,73	3,23
21,75	3,23
21,78	3,25
21,80	3,25
21,83	3,31
21,85	3,31
21,88	3,37
21,90	3,39
21,92	3,45
21,95	3,47
21,97	3,52
22,00	3,52
22,02	3,55
22,05	3,52
22,07	3,56
22,10	3,55
22,12	3,57
22,14	3,58
22,17	3,63
22,19	3,62
22,22	3,67
22,24	3,63
22,27	3,70
22,29	3,67
22,31	3,70
22,34	3,67
22,36	3,70
22,39	3,66
22,41	3,72
22,44	3,66
22,46	3,73
22,49	3,71
22,51	3,74
22,53	3,74
22,56	3,79
22,58	3,75
22,61	3,79
22,63	3,75
22,66	3,77
22,68	3,71
22,71	3,70
22,73	3,65
22,75	3,64
22,78	3,61
22,80	3,62
22,83	3,60
22,85	3,59
22,88	3,57
22,90	3,56
22,93	3,56
22,95	3,53
22,97	3,52
23,00	3,49
23,02	3,45
23,05	3,43
23,07	3,44
23,10	3,40
23,12	3,39
23,15	3,34
23,17	3,32
23,19	3,30
23,22	3,30
23,24	3,23
23,27	3,23
23,29	3,19
23,32	3,18
23,34	3,18
23,36	3,15
23,39	3,11
23,41	3,10
23,44	3,04
23,46	3,03
23,49	2,99
23,51	2,95
23,54	2,94
23,56	2,92
23,58	2,88
23,61	2,88
23,63	2,82
23,66	2,81
23,68	2,76
23,71	2,76
23,73	2,71
23,76	2,72
23,78	2,68
23,80	2,72
23,83	2,69
23,85	2,70
23,88	2,65
23,90	2,67
23,93	2,60
23,95	2,63
23,98	2,55
24,00	2,56
24,02	2,52
24,05	2,53
24,07	2,50
24,10	2,52
24,12	2,46
24,15	2,47
24,17	2,42
24,20	2,44
24,22	2,42
24,24	2,41
24,27	2,39
24,29	2,40
24,32	2,37
24,34	2,39
24,37	2,36
24,39	2,36
24,42	2,33
24,44	2,35
24,46	2,35
24,49	2,39
24,51	2,37
24,54	2,39
24,56	2,38
24,59	2,39
24,61	2,39
24,63	2,40
24,66	2,39
24,68	2,39
24,71	2,37
24,73	2,38
24,76	2,39
24,78	2,40
24,81	2,44
24,83	2,44
24,85	2,47
24,88	2,47
24,90	2,51
24,93	2,53
24,95	2,54
24,98	2,50
25,00	2,52
25,03	2,51
25,05	2,57
25,07	2,55
25,10	2,58
25,12	2,58
25,15	2,64
25,17	2,65
25,20	2,71
25,22	2,70
25,25	2,75
25,27	2,78
25,29	2,84
25,32	2,86
25,34	2,89
25,37	2,91
25,39	2,97
25,42	2,97
25,44	3,02
25,47	3,01
25,49	3,07
25,51	3,10
25,54	3,17
25,56	3,16
25,59	3,22
25,61	3,20
25,64	3,28
25,66	3,31
25,68	3,36
25,71	3,37
25,73	3,47
25,76	3,49
25,78	3,57
25,81	3,59
25,83	3,64
25,86	3,66
25,88	3,71
25,90	3,72
25,93	3,79
25,95	3,82
25,98	3,87
26,00	3,93
26,03	4,00
26,05	4,04
26,08	4,11
26,10	4,14
26,12	4,20
26,15	4,27
26,17	4,32
26,20	4,36
26,22	4,40
26,25	4,45
26,27	4,53
26,30	4,59
26,32	4,64
26,34	4,70
26,37	4,74
26,39	4,81
26,42	4,86
26,44	4,91
26,47	4,95
26,49	4,99
26,52	5,01
26,54	5,08
26,56	5,09
26,59	5,14
26,61	5,16
26,64	5,20
26,66	5,25
26,69	5,32
26,71	5,32
26,73	5,40
26,76	5,43
26,78	5,48
26,81	5,52
26,83	5,56
26,86	5,55
26,88	5,63
26,91	5,62
26,93	5,67
26,95	5,65
26,98	5,67
27,00	5,68
27,03	5,73
27,05	5,71
27,08	5,76
27,10	5,72
27,13	5,78
27,15	5,75
27,17	5,78
27,20	5,75
27,22	5,77
27,25	5,71
27,27	5,74
27,30	5,70
27,32	5,73
27,35	5,67
27,37	5,69
27,39	5,66
27,42	5,68
27,44	5,62
27,47	5,65
27,49	5,59
27,52	5,59
27,54	5,54
27,57	5,54
27,59	5,50
27,61	5,49
27,64	5,41
27,66	5,40
27,69	5,35
27,71	5,34
27,74	5,28
27,76	5,22
27,78	5,17
27,81	5,15
27,83	5,10
27,86	5,07
27,88	5,01
27,91	4,94
27,93	4,91
27,96	4,83
27,98	4,79
28,00	4,74
28,03	4,66
28,05	4,59
28,08	4,52
28,10	4,46
28,13	4,44
28,15	4,36
28,18	4,32
28,20	4,30
28,22	4,27
28,25	4,24
28,27	4,23
28,30	4,16
28,32	4,13
28,35	4,06
28,37	4,00
28,40	3,95
28,42	3,92
28,44	3,85
28,47	3,83
28,49	3,77
28,52	3,79
28,54	3,74
28,57	3,71
28,59	3,66
28,62	3,64
28,64	3,58
28,66	3,57
28,69	3,47
28,71	3,46
28,74	3,41
28,76	3,41
28,79	3,34
28,81	3,31
28,84	3,24
28,86	3,29
28,88	3,23
28,91	3,24
28,93	3,19
28,96	3,22
28,98	3,21
29,01	3,23
29,03	3,16
29,05	3,20
29,08	3,15
29,10	3,17
29,13	3,13
29,15	3,12
29,18	3,08
29,20	3,11
29,23	3,08
29,25	3,12
29,27	3,09
29,30	3,09
29,32	3,12
29,35	3,14
29,37	3,14
29,40	3,19
29,42	3,15
29,45	3,18
29,47	3,18
29,49	3,17
29,52	3,20
29,54	3,22
29,57	3,22
29,59	3,25
29,62	3,25
29,64	3,26
29,67	3,31
29,69	3,32
29,71	3,35
29,74	3,37
29,76	3,39
29,79	3,42
29,81	3,48
29,84	3,49
29,86	3,54
29,89	3,55
29,91	3,61
29,93	3,64
29,96	3,69
29,98	3,71
30,01	3,76
30,03	3,79
30,06	3,86
30,08	3,89
30,10	3,96
30,13	3,98
30,15	4,02
30,18	4,04
30,20	4,09
30,23	4,12
30,25	4,20
30,28	4,23
30,30	4,33
30,32	4,38
30,35	4,47
30,37	4,49
30,40	4,56
30,42	4,61
30,45	4,70
30,47	4,74
30,50	4,83
30,52	4,87
30,54	5,01
30,57	5,06
30,59	5,15
30,62	5,16
30,64	5,26
30,67	5,30
30,69	5,40
30,72	5,42
30,74	5,51
30,76	5,53
30,79	5,68
30,81	5,73
30,84	5,82
30,86	5,89
30,89	5,95
30,91	6,00
30,94	6,12
30,96	6,15
30,98	6,26
31,01	6,30
31,03	6,36
31,06	6,47
31,08	6,57
31,11	6,63
31,13	6,69
31,15	6,75
31,18	6,83
31,20	6,95
31,23	7,01
31,25	7,09
31,28	7,14
31,30	7,23
31,33	7,31
31,35	7,38
31,37	7,43
31,40	7,52
31,42	7,56
31,45	7,65
31,47	7,68
31,50	7,75
31,52	7,84
31,55	7,91
31,57	7,92
31,59	8,00
31,62	8,00
31,64	8,08
31,67	8,11
31,69	8,13
31,72	8,13
31,74	8,20
31,77	8,21
31,79	8,29
31,81	8,28
31,84	8,30
31,86	8,27
31,89	8,30
31,91	8,29
31,94	8,31
31,96	8,28
31,99	8,34
32,01	8,31
32,03	8,34
32,06	8,33
32,08	8,34
32,11	8,30
32,13	8,31
32,16	8,23
32,18	8,25
32,20	8,20
32,23	8,19
32,25	8,13
32,28	8,14
32,30	8,04
32,33	8,03
32,35	7,94
32,38	7,91
32,40	7,83
32,42	7,79
32,45	7,71
32,47	7,66
32,50	7,58
32,52	7,54
32,55	7,44
32,57	7,40
32,60	7,31
32,62	7,25
32,64	7,17
32,67	7,10
32,69	6,99
32,72	6,92
32,74	6,84
32,77	6,77
32,79	6,69
32,82	6,59
32,84	6,51
32,86	6,45
32,89	6,38
32,91	6,30
32,94	6,21
32,96	6,11
32,99	6,06
33,01	5,97
33,04	5,90
33,06	5,82
33,08	5,75
33,11	5,66
33,13	5,59
33,16	5,50
33,18	5,46
33,21	5,36
33,23	5,29
33,26	5,18
33,28	5,12
33,30	5,07
33,33	5,03
33,35	4,93
33,38	4,91
33,40	4,82
33,43	4,77
33,45	4,72
33,47	4,66
33,50	4,61
33,52	4,59
33,55	4,52
33,57	4,52
33,60	4,46
33,62	4,44
33,65	4,37
33,67	4,36
33,69	4,29
33,72	4,29
33,74	4,22
33,77	4,24
33,79	4,20
33,82	4,21
33,84	4,15
33,87	4,18
33,89	4,12
33,91	4,14
33,94	4,07
33,96	4,07
33,99	4,04
34,01	4,07
34,04	4,03
34,06	4,04
34,09	3,99
34,11	4,02
34,13	4,01
34,16	4,04
34,18	4,03
34,21	4,06
34,23	4,04
34,26	4,09
34,28	4,08
34,31	4,10
34,33	4,12
34,35	4,14
34,38	4,16
34,40	4,21
34,43	4,24
34,45	4,31
34,48	4,33
34,50	4,35
34,52	4,39
34,55	4,42
34,57	4,46
34,60	4,50
34,62	4,54
34,65	4,57
34,67	4,61
34,70	4,66
34,72	4,72
34,74	4,77
34,77	4,85
34,79	4,92
34,82	5,00
34,84	5,08
34,87	5,18
34,89	5,22
34,92	5,29
34,94	5,30
34,96	5,36
34,99	5,43
35,01	5,48
35,04	5,52
35,06	5,62
35,09	5,70
35,11	5,82
35,14	5,87
35,16	5,95
35,18	6,01
35,21	6,09
35,23	6,12
35,26	6,20
35,28	6,24
35,31	6,35
35,33	6,43
35,36	6,56
35,38	6,63
35,40	6,72
35,43	6,80
35,45	6,94
35,48	7,00
35,50	7,10
35,53	7,17
35,55	7,29
35,57	7,38
35,60	7,51
35,62	7,56
35,65	7,66
35,67	7,72
35,70	7,83
35,72	7,94
35,75	8,05
35,77	8,11
35,79	8,24
35,82	8,33
35,84	8,48
35,87	8,56
35,89	8,65
35,92	8,73
35,94	8,84
35,97	8,92
35,99	9,04
36,01	9,10
36,04	9,20
36,06	9,31
36,09	9,42
36,11	9,54
36,14	9,63
36,16	9,73
36,19	9,83
36,21	9,93
36,23	10,01
36,26	10,11
36,28	10,17
36,31	10,26
36,33	10,32
36,36	10,39
36,38	10,44
36,41	10,54
36,43	10,59
36,45	10,71
36,48	10,73
36,50	10,82
36,53	10,86
36,55	10,91
36,58	10,94
36,60	10,99
36,62	10,96
36,65	11,06
36,67	11,04
36,70	11,09
36,72	11,10
36,75	11,13
36,77	11,11
36,80	11,14
36,82	11,10
36,84	11,14
36,87	11,09
36,89	11,10
36,92	11,06
36,94	11,07
36,97	11,01
36,99	11,03
37,02	10,97
37,04	10,98
37,06	10,90
37,09	10,88
37,11	10,80
37,14	10,78
37,16	10,67
37,19	10,66
37,21	10,54
37,24	10,52
37,26	10,42
37,28	10,40
37,31	10,30
37,33	10,26
37,36	10,13
37,38	10,11
37,41	10,00
37,43	9,93
37,46	9,77
37,48	9,67
37,50	9,55
37,53	9,47
37,55	9,33
37,58	9,22
37,60	9,06
37,63	8,99
37,65	8,91
37,68	8,82
37,70	8,69
37,72	8,60
37,75	8,47
37,77	8,40
37,80	8,29
37,82	8,15
37,85	8,03
37,87	7,89
37,89	7,78
37,92	7,70
37,94	7,59
37,97	7,48
37,99	7,41
38,02	7,32
38,04	7,24
38,07	7,12
38,09	7,03
38,11	6,95
38,14	6,87
38,16	6,75
38,19	6,65
38,21	6,54
38,24	6,48
38,26	6,36
38,29	6,25
38,31	6,18
38,33	6,11
38,36	6,03
38,38	6,01
38,41	5,92
38,43	5,87
38,46	5,80
38,48	5,73
38,51	5,67
38,53	5,65
38,55	5,58
38,58	5,57
38,60	5,51
38,63	5,49
38,65	5,47
38,68	5,46
38,70	5,41
38,73	5,40
38,75	5,34
38,77	5,37
38,80	5,33
38,82	5,33
38,85	5,29
38,87	5,29
38,90	5,24
38,92	5,27
38,94	5,23
38,97	5,27
38,99	5,21
39,02	5,23
39,04	5,23
39,07	5,29
39,09	5,28
39,12	5,34
39,14	5,32
39,16	5,39
39,19	5,41
39,21	5,48
39,24	5,48
39,26	5,53
39,29	5,53
39,31	5,58
39,34	5,62
39,36	5,68
39,38	5,72
39,41	5,75
39,43	5,79
39,46	5,85
39,48	5,91
39,51	5,98
39,53	6,03
39,56	6,06
39,58	6,13
39,60	6,18
39,63	6,27
39,65	6,32
39,68	6,39
39,70	6,44
39,73	6,52
39,75	6,58
39,78	6,71
39,80	6,76
39,82	6,87
39,85	6,94
39,87	7,05
39,90	7,15
39,92	7,28
39,95	7,33
39,97	7,48
39,99	7,55
40,02	7,66
40,04	7,75
40,07	7,82
40,09	7,85
40,12	8,01
40,14	8,05
40,17	8,15
40,19	8,22
40,21	8,34
40,24	8,47
40,26	8,64
40,29	8,68
40,31	8,82
40,34	8,90
40,36	9,06
40,39	9,14
40,41	9,28
40,43	9,36
40,46	9,50
40,48	9,59
40,51	9,76
40,53	9,84
40,56	9,99
40,58	10,10
40,61	10,26
40,63	10,36
40,65	10,53
40,68	10,63
40,70	10,77
40,73	10,88
40,75	10,99
40,78	11,09
40,80	11,21
40,83	11,29
40,85	11,44
40,87	11,55
40,90	11,69
40,92	11,81
40,95	11,94
40,97	12,06
41,00	12,20
41,02	12,31
41,05	12,44
41,07	12,55
41,09	12,65
41,12	12,76
41,14	12,86
41,17	12,97
41,19	13,04
41,22	13,13
41,24	13,20
41,26	13,30
41,29	13,38
41,31	13,50
41,34	13,57
41,36	13,69
41,39	13,75
41,41	13,85
41,44	13,89
41,46	13,96
41,48	13,97
41,51	14,02
41,53	14,01
41,56	14,05
41,58	14,06
41,61	14,09
41,63	14,09
41,66	14,12
41,68	14,12
41,70	14,16
41,73	14,13
41,75	14,14
41,78	14,14
41,80	14,14
41,83	14,11
41,85	14,11
41,88	14,04
41,90	14,06
41,92	13,99
41,95	13,99
41,97	13,91
42,00	13,86
42,02	13,75
42,05	13,77
42,07	13,65
42,10	13,63
42,12	13,47
42,14	13,44
42,17	13,34
42,19	13,31
42,22	13,13
42,24	13,09
42,27	12,93
42,29	12,90
42,31	12,78
42,34	12,70
42,36	12,53
42,39	12,44
42,41	12,28
42,44	12,20
42,46	12,03
42,49	11,89
42,51	11,73
42,53	11,62
42,56	11,48
42,58	11,40
42,61	11,25
42,63	11,13
42,66	10,98
42,68	10,84
42,71	10,72
42,73	10,59
42,75	10,42
42,78	10,30
42,80	10,15
42,83	10,02
42,85	9,89
42,88	9,76
42,90	9,63
42,93	9,51
42,95	9,36
42,97	9,27
43,00	9,16
43,02	9,03
43,05	8,91
43,07	8,78
43,10	8,67
43,12	8,56
43,15	8,47
43,17	8,39
43,19	8,31
43,22	8,22
43,24	8,14
43,27	8,03
43,29	7,95
43,32	7,82
43,34	7,74
43,36	7,65
43,39	7,58
43,41	7,49
43,44	7,45
43,46	7,39
43,49	7,34
43,51	7,26
43,54	7,23
43,56	7,16
43,58	7,16
43,61	7,12
43,63	7,10
43,66	7,06
43,68	7,03
43,71	6,98
43,73	6,98
43,76	6,93
43,78	6,91
43,80	6,86
43,83	6,87
43,85	6,86
43,88	6,88
43,90	6,89
43,93	6,91
43,95	6,88
43,98	6,92
44,00	6,88
44,02	6,92
44,05	6,91
44,07	6,91
44,10	6,92
44,12	6,97
44,15	6,99
44,17	7,07
44,20	7,09
44,22	7,14
44,24	7,22
44,27	7,27
44,29	7,31
44,32	7,36
44,34	7,38
44,37	7,45
44,39	7,51
44,41	7,55
44,44	7,63
44,46	7,68
44,49	7,75
44,51	7,84
44,54	7,94
44,56	8,02
44,59	8,12
44,61	8,18
44,63	8,31
44,66	8,37
44,68	8,47
44,71	8,53
44,73	8,62
44,76	8,69
44,78	8,82
44,81	8,89
44,83	9,04
44,85	9,14
44,88	9,27
44,90	9,39
44,93	9,53
44,95	9,61
44,98	9,76
45,00	9,85
45,03	9,99
45,05	10,09
45,07	10,23
45,10	10,32
45,12	10,48
45,15	10,58
45,17	10,75
45,20	10,84
45,22	11,01
45,25	11,12
45,27	11,27
45,29	11,37
45,32	11,52
45,34	11,60
45,37	11,78
45,39	11,86
45,42	12,02
45,44	12,16
45,47	12,29
45,49	12,40
45,51	12,58
45,54	12,70
45,56	12,89
45,59	13,00
45,61	13,15
45,64	13,33
45,66	13,49
45,68	13,61
45,71	13,74
45,73	13,83
45,76	14,00
45,78	14,13
45,81	14,26
45,83	14,40
45,86	14,56
45,88	14,70
45,90	14,87
45,93	14,98
45,95	15,14
45,98	15,26
46,00	15,38
46,03	15,49
46,05	15,60
46,08	15,72
46,10	15,86
46,12	15,96
46,15	16,05
46,17	16,17
46,20	16,27
46,22	16,41
46,25	16,51
46,27	16,61
46,30	16,71
46,32	16,82
46,34	16,90
46,37	17,02
46,39	17,06
46,42	17,11
46,44	17,12
46,47	17,17
46,49	17,20
46,52	17,24
46,54	17,26
46,56	17,29
46,59	17,32
46,61	17,39
46,64	17,39
46,66	17,40
46,69	17,40
46,71	17,41
46,73	17,41
46,76	17,41
46,78	17,38
46,81	17,37
46,83	17,37
46,86	17,37
46,88	17,31
46,91	17,26
46,93	17,18
46,95	17,16
46,98	17,08
47,00	17,02
47,03	16,89
47,05	16,83
47,08	16,76
47,10	16,76
47,13	16,61
47,15	16,56
47,17	16,44
47,20	16,40
47,22	16,27
47,25	16,19
47,27	15,99
47,30	15,92
47,32	15,75
47,35	15,66
47,37	15,52
47,39	15,40
47,42	15,23
47,44	15,14
47,47	14,99
47,49	14,89
47,52	14,73
47,54	14,59
47,57	14,46
47,59	14,32
47,61	14,13
47,64	14,00
47,66	13,81
47,69	13,65
47,71	13,48
47,74	13,32
47,76	13,19
47,78	13,06
47,81	12,90
47,83	12,77
47,86	12,63
47,88	12,48
47,91	12,34
47,93	12,19
47,96	12,05
47,98	11,90
48,00	11,76
48,03	11,60
48,05	11,48
48,08	11,34
48,10	11,22
48,13	11,08
48,15	10,97
48,18	10,86
48,20	10,76
48,22	10,64
48,25	10,57
48,27	10,46
48,30	10,40
48,32	10,27
48,35	10,18
48,37	10,06
48,40	10,01
48,42	9,89
48,44	9,84
48,47	9,72
48,49	9,70
48,52	9,63
48,54	9,61
48,57	9,52
48,59	9,49
48,62	9,38
48,64	9,39
48,66	9,32
48,69	9,30
48,71	9,23
48,74	9,22
48,76	9,17
48,79	9,19
48,81	9,14
48,84	9,17
48,86	9,15
48,88	9,19
48,91	9,17
48,93	9,20
48,96	9,18
48,98	9,21
49,01	9,18
49,03	9,22
49,05	9,21
49,08	9,27
49,10	9,27
49,13	9,33
49,15	9,37
49,18	9,43
49,20	9,46
49,23	9,56
49,25	9,56
49,27	9,65
49,30	9,68
49,32	9,76
49,35	9,80
49,37	9,89
49,40	9,93
49,42	10,04
49,45	10,09
49,47	10,22
49,49	10,30
49,52	10,42
49,54	10,49
49,57	10,59
49,59	10,66
49,62	10,76
49,64	10,85
49,67	10,95
49,69	11,05
49,71	11,14
49,74	11,24
49,76	11,38
49,79	11,56
49,81	11,68
49,84	11,80
49,86	11,89
49,89	12,05
49,91	12,16
49,93	12,31
49,96	12,38
49,98	12,50
50,01	12,62
50,03	12,80
50,06	12,94
50,08	13,13
50,10	13,25
50,13	13,43
50,15	13,60
50,18	13,78
50,20	13,88
50,23	14,05
50,25	14,15
50,28	14,35
50,30	14,49
50,32	14,67
50,35	14,80
50,37	15,02
50,40	15,13
50,42	15,34
50,45	15,46
50,47	15,63
50,50	15,76
50,52	15,93
50,54	16,06
50,57	16,26
50,59	16,37
50,62	16,58
50,64	16,71
50,67	16,87
50,69	17,01
50,72	17,17
50,74	17,31
50,76	17,49
50,79	17,62
50,81	17,83
50,84	17,99
50,86	18,18
50,89	18,35
50,91	18,53
50,94	18,65
50,96	18,81
50,98	18,91
51,01	19,08
51,03	19,19
51,06	19,34
51,08	19,47
51,11	19,63
51,13	19,76
51,15	19,91
51,18	20,02
51,20	20,15
51,23	20,26
51,25	20,37
51,28	20,46
51,30	20,57
51,33	20,66
51,35	20,78
51,37	20,88
51,40	20,95
51,42	21,03
51,45	21,10
51,47	21,19
51,50	21,25
51,52	21,30
51,55	21,34
51,57	21,36
51,59	21,39
51,62	21,47
51,64	21,49
51,67	21,49
51,69	21,47
51,72	21,49
51,74	21,50
51,77	21,52
51,79	21,47
51,81	21,44
51,84	21,39
51,86	21,36
51,89	21,31
51,91	21,24
51,94	21,18
51,96	21,12
51,99	21,04
52,01	21,02
52,03	20,92
52,06	20,84
52,08	20,82
52,11	20,73
52,13	20,61
52,16	20,56
52,18	20,40
52,20	20,33
52,23	20,22
52,25	20,08
52,28	19,96
52,30	19,87
52,33	19,72
52,35	19,69
52,38	19,57
52,40	19,49
52,42	19,30
52,45	19,19
52,47	19,02
52,50	18,92
52,52	18,69
52,55	18,55
52,57	18,34
52,60	18,24
52,62	18,07
52,64	17,92
52,67	17,72
52,69	17,63
52,72	17,46
52,74	17,37
52,77	17,22
52,79	17,08
52,82	16,93
52,84	16,79
52,86	16,59
52,89	16,47
52,91	16,28
52,94	16,11
52,96	15,94
52,99	15,81
53,01	15,68
53,04	15,54
53,06	15,37
53,08	15,24
53,11	15,12
53,13	15,00
53,16	14,88
53,18	14,75
53,21	14,65
53,23	14,52
53,26	14,40
53,28	14,29
53,30	14,19
53,33	14,08
53,35	14,01
53,38	13,87
53,40	13,80
53,43	13,72
53,45	13,64
53,47	13,57
53,50	13,51
53,52	13,39
53,55	13,38
53,57	13,31
53,60	13,25
53,62	13,18
53,65	13,14
53,67	13,10
53,69	13,10
53,72	13,04
53,74	13,02
53,77	12,98
53,79	12,99
53,82	12,96
53,84	12,95
53,87	12,91
53,89	12,94
53,91	12,91
53,94	12,97
53,96	12,93
53,99	12,97
54,01	12,96
54,04	13,01
54,06	13,02
54,09	13,10
54,11	13,04
54,13	13,12
54,16	13,12
54,18	13,20
54,21	13,24
54,23	13,31
54,26	13,32
54,28	13,48
54,31	13,52
54,33	13,62
54,35	13,67
54,38	13,75
54,40	13,80
54,43	13,91
54,45	13,96
54,48	14,07
54,50	14,11
54,52	14,21
54,55	14,32
54,57	14,45
54,60	14,54
54,62	14,67
54,65	14,77
54,67	14,92
54,70	15,06
54,72	15,18
54,74	15,31
54,77	15,41
54,79	15,53
54,82	15,63
54,84	15,78
54,87	15,92
54,89	16,09
54,92	16,23
54,94	16,42
54,96	16,59
54,99	16,83
55,01	16,98
55,04	17,18
55,06	17,32
55,09	17,50
55,11	17,61
55,14	17,79
55,16	17,93
55,18	18,10
55,21	18,23
55,23	18,40
55,26	18,56
55,28	18,81
55,31	18,99
55,33	19,20
55,36	19,39
55,38	19,62
55,40	19,85
55,43	20,07
55,45	20,21
55,48	20,40
55,50	20,59
55,53	20,79
55,55	20,98
55,57	21,16
55,60	21,34
55,62	21,57
55,65	21,74
55,67	21,96
55,70	22,12
55,72	22,30
55,75	22,47
55,77	22,65
55,79	22,81
55,82	23,01
55,84	23,14
55,87	23,35
55,89	23,50
55,92	23,71
55,94	23,89
55,97	24,07
55,99	24,26
56,01	24,49
56,04	24,64
56,06	24,82
56,09	24,98
56,11	25,17
56,14	25,31
56,16	25,47
56,19	25,56
56,21	25,72
56,23	25,86
56,26	26,03
56,28	26,14
56,31	26,30
56,33	26,41
56,36	26,57
56,38	26,69
56,41	26,82
56,43	26,91
56,45	26,99
56,48	27,07
56,50	27,14
56,53	27,23
56,55	27,28
56,58	27,33
56,60	27,37
56,62	27,43
56,65	27,49
56,67	27,57
56,70	27,59
56,72	27,63
56,75	27,69
56,77	27,73
56,80	27,73
56,82	27,76
56,84	27,73
56,87	27,73
56,89	27,70
56,92	27,67
56,94	27,64
56,97	27,61
56,99	27,58
57,02	27,60
57,04	27,57
57,06	27,54
57,09	27,46
57,11	27,41
57,14	27,37
57,16	27,30
57,19	27,17
57,21	27,15
57,24	27,05
57,26	27,01
57,28	26,92
57,31	26,85
57,33	26,75
57,36	26,72
57,38	26,55
57,41	26,51
57,43	26,34
57,46	26,27
57,48	26,12
57,50	26,03
57,53	25,86
57,55	25,80
57,58	25,62
57,60	25,56
57,63	25,38
57,65	25,30
57,68	25,13
57,70	25,04
57,72	24,85
57,75	24,77
57,77	24,60
57,80	24,51
57,82	24,32
57,85	24,20
57,87	24,04
57,89	23,93
57,92	23,77
57,94	23,70
57,97	23,54
57,99	23,43
58,02	23,30
58,04	23,18
58,07	23,06
58,09	22,92
58,11	22,74
58,14	22,60
58,16	22,46
58,19	22,32
58,21	22,24
58,24	22,14
58,26	22,05
58,29	21,95
58,31	21,86
58,33	21,78
58,36	21,71
58,38	21,58
58,41	21,50
58,43	21,39
58,46	21,32
58,48	21,25
58,51	21,18
58,53	21,10
58,55	21,06
58,58	20,96
58,60	20,93
58,63	20,86
58,65	20,81
58,68	20,75
58,70	20,77
58,73	20,71
58,75	20,71
58,77	20,66
58,80	20,67
58,82	20,63
58,85	20,64
58,87	20,57
58,90	20,61
58,92	20,60
58,94	20,66
58,97	20,67
58,99	20,74
59,02	20,74
59,04	20,81
59,07	20,81
59,09	20,89
59,12	20,89
59,14	20,96
59,16	20,96
59,19	21,10
59,21	21,17
59,24	21,30
59,26	21,34
59,29	21,45
59,31	21,49
59,34	21,63
59,36	21,65
59,38	21,74
59,41	21,78
59,43	21,90
59,46	21,98
59,48	22,15
59,51	22,25
59,53	22,41
59,56	22,52
59,58	22,70
59,60	22,84
59,63	23,01
59,65	23,12
59,68	23,29
59,70	23,42
59,73	23,62
59,75	23,77
59,78	23,99
59,80	24,19
59,82	24,41
59,85	24,59
59,87	24,81
59,90	25,04
59,92	25,28
59,95	25,47
59,97	25,63
59,99	25,77
