Voltage U1	Corriente IA
U1/V	IA/nA

0,02	0,48
0,04	0,50
0,07	0,54
0,09	0,52
0,12	0,54
0,14	0,52
0,17	0,54
0,19	0,54
0,21	0,54
0,24	0,50
0,26	0,58
0,29	0,55
0,31	0,57
0,34	0,52
0,36	0,54
0,39	0,55
0,41	0,58
0,43	0,50
0,46	0,53
0,48	0,50
0,51	0,54
0,53	0,51
0,56	0,51
0,58	0,46
0,61	0,51
0,63	0,48
0,65	0,52
0,68	0,48
0,70	0,51
0,73	0,50
0,75	0,54
0,78	0,51
0,80	0,55
0,83	0,51
0,85	0,54
0,87	0,53
0,90	0,54
0,92	0,52
0,95	0,52
0,97	0,48
1,00	0,52
1,02	0,51
1,05	0,53
1,07	0,51
1,09	0,52
1,12	0,55
1,14	0,57
1,17	0,54
1,19	0,55
1,22	0,52
1,24	0,51
1,26	0,50
1,29	0,49
1,31	0,50
1,34	0,50
1,36	0,48
1,39	0,49
1,41	0,50
1,44	0,49
1,46	0,53
1,48	0,51
1,51	0,54
1,53	0,53
1,56	0,54
1,58	0,53
1,61	0,55
1,63	0,50
1,66	0,53
1,68	0,49
1,70	0,51
1,73	0,51
1,75	0,53
1,78	0,51
1,80	0,54
1,83	0,53
1,85	0,56
1,88	0,53
1,90	0,56
1,92	0,53
1,95	0,54
1,97	0,50
2,00	0,51
2,02	0,48
2,05	0,52
2,07	0,47
2,10	0,52
2,12	0,49
2,14	0,53
2,17	0,50
2,19	0,58
2,22	0,53
2,24	0,56
2,27	0,53
2,29	0,56
2,31	0,54
2,34	0,58
2,36	0,49
2,39	0,52
2,41	0,48
2,44	0,53
2,46	0,53
2,49	0,55
2,51	0,50
2,53	0,53
2,56	0,51
2,58	0,57
2,61	0,52
2,63	0,51
2,66	0,49
2,68	0,52
2,71	0,51
2,73	0,53
2,75	0,51
2,78	0,52
2,80	0,49
2,83	0,49
2,85	0,52
2,88	0,51
2,90	0,51
2,93	0,52
2,95	0,52
2,97	0,54
3,00	0,54
3,02	0,53
3,05	0,55
3,07	0,52
3,10	0,50
3,12	0,51
3,15	0,51
3,17	0,50
3,19	0,52
3,22	0,49
3,24	0,53
3,27	0,51
3,29	0,53
3,32	0,54
3,34	0,56
3,36	0,52
3,39	0,53
3,41	0,50
3,44	0,53
3,46	0,49
3,49	0,51
3,51	0,49
3,54	0,51
3,56	0,47
3,58	0,50
3,61	0,49
3,63	0,54
3,66	0,52
3,68	0,54
3,71	0,51
3,73	0,58
3,76	0,53
3,78	0,56
3,80	0,51
3,83	0,51
3,85	0,49
3,88	0,53
3,90	0,49
3,93	0,54
3,95	0,49
3,98	0,54
4,00	0,52
4,02	0,56
4,05	0,55
4,07	0,56
4,10	0,53
4,12	0,58
4,15	0,53
4,17	0,54
4,20	0,48
4,22	0,48
4,24	0,43
4,27	0,49
4,29	0,43
4,32	0,50
4,34	0,42
4,37	0,47
4,39	0,47
4,42	0,56
4,44	0,49
4,46	0,54
4,49	0,46
4,51	0,53
4,54	0,50
4,56	0,54
4,59	0,48
4,61	0,50
4,63	0,43
4,66	0,49
4,68	0,49
4,71	0,53
4,73	0,50
4,76	0,50
4,78	0,51
4,81	0,53
4,83	0,56
4,85	0,56
4,88	0,53
4,90	0,47
4,93	0,48
4,95	0,45
4,98	0,51
5,00	0,45
5,03	0,45
5,05	0,44
5,07	0,49
5,10	0,47
5,12	0,53
5,15	0,50
5,17	0,53
5,20	0,51
5,22	0,54
5,25	0,52
5,27	0,57
5,29	0,52
5,32	0,56
5,34	0,50
5,37	0,53
5,39	0,50
5,42	0,52
5,44	0,50
5,47	0,54
5,49	0,49
5,51	0,59
5,54	0,53
5,56	0,58
5,59	0,54
5,61	0,54
5,64	0,51
5,66	0,56
5,68	0,49
5,71	0,54
5,73	0,47
5,76	0,50
5,78	0,49
5,81	0,53
5,83	0,48
5,86	0,52
5,88	0,47
5,90	0,52
5,93	0,51
5,95	0,55
5,98	0,53
6,00	0,54
6,03	0,51
6,05	0,54
6,08	0,52
6,10	0,53
6,12	0,51
6,15	0,51
6,17	0,51
6,20	0,51
6,22	0,51
6,25	0,55
6,27	0,54
6,30	0,51
6,32	0,52
6,34	0,49
6,37	0,53
6,39	0,52
6,42	0,51
6,44	0,51
6,47	0,51
6,49	0,50
6,52	0,57
6,54	0,53
6,56	0,56
6,59	0,53
6,61	0,54
6,64	0,53
6,66	0,56
6,69	0,50
6,71	0,54
6,73	0,47
6,76	0,51
6,78	0,50
6,81	0,53
6,83	0,48
6,86	0,51
6,88	0,48
6,91	0,52
6,93	0,46
6,95	0,51
6,98	0,51
7,00	0,57
7,03	0,51
7,05	0,55
7,08	0,49
7,10	0,57
7,13	0,51
7,15	0,55
7,17	0,49
7,20	0,56
7,22	0,52
7,25	0,62
7,27	0,54
7,30	0,57
7,32	0,51
7,35	0,58
7,37	0,54
7,39	0,58
7,42	0,50
7,44	0,55
7,47	0,52
7,49	0,60
7,52	0,56
7,54	0,56
7,57	0,51
7,59	0,55
7,61	0,53
7,64	0,57
7,66	0,53
7,69	0,51
7,71	0,54
7,74	0,56
7,76	0,57
7,78	0,60
7,81	0,56
7,83	0,55
7,86	0,56
7,88	0,54
7,91	0,58
7,93	0,56
7,96	0,56
7,98	0,56
8,00	0,57
8,03	0,56
8,05	0,59
8,08	0,56
8,10	0,60
8,13	0,58
8,15	0,60
8,18	0,59
8,20	0,62
8,22	0,60
8,25	0,65
8,27	0,60
8,30	0,64
8,32	0,60
8,35	0,61
8,37	0,58
8,40	0,61
8,42	0,57
8,44	0,61
8,47	0,57
8,49	0,61
8,52	0,58
8,54	0,64
8,57	0,59
8,59	0,63
8,62	0,59
8,64	0,65
8,66	0,62
8,69	0,67
8,71	0,60
8,74	0,66
8,76	0,59
8,79	0,69
8,81	0,60
8,84	0,66
8,86	0,59
8,88	0,68
8,91	0,62
8,93	0,70
8,96	0,59
8,98	0,66
9,01	0,57
9,03	0,68
9,05	0,61
9,08	0,65
9,10	0,58
9,13	0,63
9,15	0,58
9,18	0,68
9,20	0,61
9,23	0,62
9,25	0,59
9,27	0,63
9,30	0,64
9,32	0,67
9,35	0,64
9,37	0,64
9,40	0,61
9,42	0,62
9,45	0,66
9,47	0,65
9,49	0,64
9,52	0,63
9,54	0,62
9,57	0,63
9,59	0,65
9,62	0,63
9,64	0,64
9,67	0,60
9,69	0,62
9,71	0,65
9,74	0,70
9,76	0,68
9,79	0,72
9,81	0,70
9,84	0,75
9,86	0,74
9,89	0,73
9,91	0,70
9,93	0,72
9,96	0,68
9,98	0,73
10,01	0,71
10,03	0,75
10,06	0,74
10,08	0,76
10,10	0,74
10,13	0,75
10,15	0,69
10,18	0,74
10,20	0,69
10,23	0,73
10,25	0,67
10,28	0,69
10,30	0,65
10,32	0,73
10,35	0,65
10,37	0,71
10,40	0,65
10,42	0,72
10,45	0,70
10,47	0,78
10,50	0,70
10,52	0,77
10,54	0,71
10,57	0,78
10,59	0,75
10,62	0,79
10,64	0,71
10,67	0,75
10,69	0,70
10,72	0,75
10,74	0,71
10,76	0,72
10,79	0,67
10,81	0,70
10,84	0,69
10,86	0,72
10,89	0,70
10,91	0,72
10,94	0,70
10,96	0,72
10,98	0,73
11,01	0,74
11,03	0,75
11,06	0,74
11,08	0,73
11,11	0,74
11,13	0,76
11,15	0,75
11,18	0,78
11,20	0,76
11,23	0,76
11,25	0,73
11,28	0,75
11,30	0,75
11,33	0,74
11,35	0,70
11,37	0,73
11,40	0,73
11,42	0,77
11,45	0,75
11,47	0,78
11,50	0,79
11,52	0,80
11,55	0,77
11,57	0,80
11,59	0,75
11,62	0,78
11,64	0,74
11,67	0,77
11,69	0,75
11,72	0,80
11,74	0,77
11,77	0,85
11,79	0,81
11,81	0,82
11,84	0,76
11,86	0,82
11,89	0,77
11,91	0,84
11,94	0,77
11,96	0,83
11,99	0,80
12,01	0,88
12,03	0,86
12,06	0,90
12,08	0,81
12,11	0,89
12,13	0,83
12,16	0,88
12,18	0,80
12,21	0,82
12,23	0,77
12,25	0,84
12,28	0,80
12,30	0,85
12,33	0,80
12,35	0,84
12,38	0,84
12,40	0,89
12,42	0,86
12,45	0,88
12,47	0,84
12,50	0,89
12,52	0,90
12,55	0,91
12,57	0,91
12,60	0,91
12,62	0,89
12,64	0,94
12,67	0,95
12,69	0,96
12,72	0,94
12,74	0,91
12,77	0,93
12,79	0,93
12,82	0,92
12,84	0,93
12,86	0,92
12,89	0,89
12,91	0,92
12,94	0,89
12,96	0,93
12,99	0,89
13,01	0,91
13,04	0,87
13,06	0,89
13,08	0,86
13,11	0,91
13,13	0,89
13,16	0,93
13,18	0,91
13,21	0,95
13,23	0,94
13,26	0,99
13,28	0,96
13,30	1,00
13,33	0,96
13,35	0,98
13,38	0,97
13,40	1,01
13,43	0,97
13,45	1,04
13,47	0,97
13,50	1,03
13,52	0,98
13,55	1,04
13,57	1,01
13,60	1,06
13,62	0,97
13,65	1,02
13,67	0,95
13,69	1,03
13,72	0,94
13,74	0,97
13,77	0,91
13,79	1,01
13,82	0,96
13,84	1,05
13,87	0,98
13,89	1,02
13,91	0,98
13,94	1,06
13,96	1,02
13,99	1,05
14,01	0,96
14,04	1,01
14,06	1,00
14,09	1,05
14,11	1,02
14,13	1,02
14,16	0,99
14,18	1,04
14,21	1,04
14,23	1,08
14,26	1,05
14,28	1,01
14,31	1,02
14,33	1,01
14,35	1,02
14,38	1,02
14,40	1,01
14,43	0,99
14,45	1,00
14,48	1,00
14,50	1,04
14,52	1,02
14,55	1,03
14,57	1,03
14,60	1,02
14,62	0,99
14,65	1,04
14,67	1,00
14,70	1,01
14,72	0,98
14,74	0,99
14,77	0,99
14,79	1,03
14,82	0,97
14,84	1,05
14,87	1,00
14,89	1,04
14,92	0,99
14,94	1,03
14,96	1,01
14,99	1,07
15,01	0,96
15,04	1,00
15,06	0,90
15,09	0,99
15,11	0,95
15,14	1,00
15,16	0,90
15,18	0,97
15,21	0,90
15,23	1,02
15,26	0,95
15,28	1,00
15,31	0,93
15,33	1,03
15,36	0,99
15,38	1,07
15,40	0,96
15,43	1,00
15,45	0,95
15,48	1,02
15,50	0,97
15,53	1,00
15,55	0,93
15,57	1,02
15,60	0,99
15,62	1,06
15,65	1,01
15,67	1,02
15,70	1,00
15,72	1,04
15,75	1,03
15,77	1,07
15,79	1,02
15,82	1,01
15,84	1,01
15,87	1,01
15,89	1,04
15,92	1,03
15,94	1,03
15,97	1,03
15,99	1,04
16,01	1,03
16,04	1,09
16,06	1,07
16,09	1,09
16,11	1,06
16,14	1,09
16,16	1,06
16,19	1,12
16,21	1,07
16,23	1,11
16,26	1,08
16,28	1,12
16,31	1,10
16,33	1,18
16,36	1,14
16,38	1,21
16,41	1,17
16,43	1,24
16,45	1,20
16,48	1,24
16,50	1,21
16,53	1,24
16,55	1,19
16,58	1,23
16,60	1,14
16,63	1,24
16,65	1,18
16,67	1,25
16,70	1,20
16,72	1,25
16,75	1,20
16,77	1,36
16,80	1,27
16,82	1,38
16,84	1,28
16,87	1,37
16,89	1,33
16,92	1,44
16,94	1,30
16,97	1,37
16,99	1,29
17,02	1,42
17,04	1,38
17,06	1,43
17,09	1,34
17,11	1,42
17,14	1,39
17,16	1,50
17,19	1,44
17,21	1,47
17,24	1,43
17,26	1,46
17,28	1,47
17,31	1,53
17,33	1,48
17,36	1,49
17,38	1,47
17,41	1,51
17,43	1,56
17,46	1,57
17,48	1,55
17,50	1,55
17,53	1,57
17,55	1,59
17,58	1,63
17,60	1,61
17,63	1,63
17,65	1,60
17,68	1,62
17,70	1,62
17,72	1,64
17,75	1,62
17,77	1,65
17,80	1,60
17,82	1,65
17,85	1,62
17,87	1,65
17,89	1,66
17,92	1,70
17,94	1,65
17,97	1,73
17,99	1,66
18,02	1,70
18,04	1,65
18,07	1,67
18,09	1,64
18,11	1,66
18,14	1,56
18,16	1,66
18,19	1,59
18,21	1,69
18,24	1,62
18,26	1,63
18,29	1,56
18,31	1,69
18,33	1,62
18,36	1,72
18,38	1,58
18,41	1,65
18,43	1,60
18,46	1,69
18,48	1,57
18,51	1,64
18,53	1,53
18,55	1,67
18,58	1,61
18,60	1,67
18,63	1,59
18,65	1,64
18,68	1,56
18,70	1,65
18,73	1,53
18,75	1,55
18,77	1,48
18,80	1,52
18,82	1,50
18,85	1,54
18,87	1,49
18,90	1,53
18,92	1,50
18,94	1,52
18,97	1,55
18,99	1,55
19,02	1,54
19,04	1,52
19,07	1,49
19,09	1,49
19,12	1,51
19,14	1,47
19,16	1,51
19,19	1,44
19,21	1,46
19,24	1,44
19,26	1,48
19,29	1,45
19,31	1,47
19,34	1,40
19,36	1,48
19,38	1,41
19,41	1,46
19,43	1,42
19,46	1,43
19,48	1,36
19,51	1,38
19,53	1,31
19,56	1,37
19,58	1,30
19,60	1,33
19,63	1,30
19,65	1,38
19,68	1,32
19,70	1,39
19,73	1,35
19,75	1,45
19,78	1,36
19,80	1,38
19,82	1,27
19,85	1,36
19,87	1,27
19,90	1,35
19,92	1,20
19,95	1,28
19,97	1,24
19,99	1,35
20,02	1,28
20,04	1,35
20,07	1,24
20,09	1,39
20,12	1,34
20,14	1,40
20,17	1,30
20,19	1,30
20,21	1,24
20,24	1,33
20,26	1,23
20,29	1,27
20,31	1,18
20,34	1,23
20,36	1,26
20,39	1,32
20,41	1,29
20,43	1,32
20,46	1,29
20,48	1,35
20,51	1,37
20,53	1,37
20,56	1,35
20,58	1,33
20,61	1,32
20,63	1,34
20,65	1,36
20,68	1,35
20,70	1,37
20,73	1,34
20,75	1,38
20,78	1,38
20,80	1,42
20,83	1,44
20,85	1,48
20,87	1,47
20,90	1,52
20,92	1,49
20,95	1,54
20,97	1,53
21,00	1,55
21,02	1,52
21,05	1,56
21,07	1,53
21,09	1,62
21,12	1,61
21,14	1,66
21,17	1,64
21,19	1,72
21,22	1,73
21,24	1,80
21,26	1,76
21,29	1,83
21,31	1,79
21,34	1,84
21,36	1,79
21,39	1,85
21,41	1,83
21,44	1,94
21,46	1,86
21,48	1,95
21,51	1,93
21,53	2,03
21,56	2,01
21,58	2,07
21,61	2,00
21,63	2,12
21,66	2,09
21,68	2,18
21,70	2,12
21,73	2,16
21,75	2,13
21,78	2,23
21,80	2,20
21,83	2,25
21,85	2,20
21,88	2,28
21,90	2,28
21,92	2,37
21,95	2,34
21,97	2,38
22,00	2,38
22,02	2,44
22,05	2,45
22,07	2,48
22,10	2,47
22,12	2,46
22,14	2,46
22,17	2,47
22,19	2,49
22,22	2,52
22,24	2,55
22,27	2,52
22,29	2,56
22,31	2,56
22,34	2,61
22,36	2,61
22,39	2,62
22,41	2,61
22,44	2,64
22,46	2,63
22,49	2,68
22,51	2,62
22,53	2,67
22,56	2,62
22,58	2,65
22,61	2,62
22,63	2,67
22,66	2,62
22,68	2,67
22,71	2,59
22,73	2,64
22,75	2,60
22,78	2,64
22,80	2,56
22,83	2,65
22,85	2,58
22,88	2,65
22,90	2,58
22,93	2,65
22,95	2,60
22,97	2,72
23,00	2,56
23,02	2,63
23,05	2,53
23,07	2,64
23,10	2,54
23,12	2,60
23,15	2,45
23,17	2,55
23,19	2,48
23,22	2,57
23,24	2,41
23,27	2,44
23,29	2,34
23,32	2,46
23,34	2,38
23,36	2,41
23,39	2,29
23,41	2,35
23,44	2,30
23,46	2,34
23,49	2,26
23,51	2,25
23,54	2,18
23,56	2,23
23,58	2,21
23,61	2,21
23,63	2,17
23,66	2,14
23,68	2,12
23,71	2,12
23,73	2,10
23,76	2,08
23,78	2,06
23,80	2,01
23,83	2,01
23,85	1,98
23,88	2,00
23,90	1,96
23,93	1,98
23,95	1,92
23,98	1,92
24,00	1,85
24,02	1,90
24,05	1,85
24,07	1,88
24,10	1,80
24,12	1,82
24,15	1,79
24,17	1,84
24,20	1,77
24,22	1,81
24,24	1,74
24,27	1,78
24,29	1,75
24,32	1,80
24,34	1,76
24,37	1,78
24,39	1,72
24,42	1,77
24,44	1,69
24,46	1,74
24,49	1,69
24,51	1,75
24,54	1,64
24,56	1,67
24,59	1,54
24,61	1,66
24,63	1,57
24,66	1,63
24,68	1,50
24,71	1,62
24,73	1,53
24,76	1,67
24,78	1,53
24,81	1,60
24,83	1,51
24,85	1,66
24,88	1,60
24,90	1,71
24,93	1,57
24,95	1,66
24,98	1,60
25,00	1,69
25,03	1,63
25,05	1,67
25,07	1,61
25,10	1,70
25,12	1,68
25,15	1,75
25,17	1,72
25,20	1,71
25,22	1,68
25,25	1,70
25,27	1,72
25,29	1,76
25,32	1,75
25,34	1,74
25,37	1,75
25,39	1,78
25,42	1,85
25,44	1,83
25,47	1,85
25,49	1,83
25,51	1,88
25,54	1,88
25,56	1,94
25,59	1,93
25,61	1,98
25,64	2,00
25,66	2,06
25,68	2,07
25,71	2,13
25,73	2,13
25,76	2,21
25,78	2,21
25,81	2,24
25,83	2,23
25,86	2,28
25,88	2,29
25,90	2,36
25,93	2,32
25,95	2,40
25,98	2,37
26,00	2,47
26,03	2,46
26,05	2,57
26,08	2,52
26,10	2,60
26,12	2,57
26,15	2,73
26,17	2,69
26,20	2,81
26,22	2,74
26,25	2,88
26,27	2,85
26,30	2,99
26,32	2,93
26,34	3,06
26,37	3,01
26,39	3,15
26,42	3,12
26,44	3,23
26,47	3,16
26,49	3,27
26,52	3,24
26,54	3,36
26,56	3,34
26,59	3,42
26,61	3,40
26,64	3,51
26,66	3,51
26,69	3,60
26,71	3,58
26,73	3,63
26,76	3,64
26,78	3,70
26,81	3,74
26,83	3,79
26,86	3,80
26,88	3,83
26,91	3,84
26,93	3,87
26,95	3,93
26,98	3,93
27,00	3,97
27,03	3,97
27,05	4,00
27,08	4,02
27,10	4,06
27,13	4,04
27,15	4,05
27,17	4,00
27,20	4,04
27,22	4,02
27,25	4,05
27,27	4,03
27,30	4,06
27,32	4,04
27,35	4,11
27,37	4,05
27,39	4,08
27,42	4,06
27,44	4,06
27,47	4,01
27,49	4,04
27,52	3,99
27,54	4,03
27,57	3,98
27,59	4,03
27,61	3,98
27,64	4,01
27,66	3,91
27,69	4,00
27,71	3,93
27,74	4,00
27,76	3,84
27,78	3,89
27,81	3,78
27,83	3,86
27,86	3,70
27,88	3,75
27,91	3,61
27,93	3,73
27,96	3,64
27,98	3,71
28,00	3,58
28,03	3,60
28,05	3,47
28,08	3,57
28,10	3,45
28,13	3,46
28,15	3,32
28,18	3,32
28,20	3,26
28,22	3,30
28,25	3,17
28,27	3,15
28,30	3,05
28,32	3,07
28,35	3,05
28,37	3,04
28,40	2,96
28,42	2,95
28,44	2,90
28,47	2,89
28,49	2,88
28,52	2,84
28,54	2,81
28,57	2,75
28,59	2,70
28,62	2,68
28,64	2,68
28,66	2,62
28,69	2,63
28,71	2,55
28,74	2,55
28,76	2,48
28,79	2,50
28,81	2,45
28,84	2,43
28,86	2,35
28,88	2,37
28,91	2,32
28,93	2,38
28,96	2,30
28,98	2,30
29,01	2,26
29,03	2,28
29,05	2,21
29,08	2,23
29,10	2,17
29,13	2,18
29,15	2,16
29,18	2,19
29,20	2,09
29,23	2,15
29,25	2,11
29,27	2,16
29,30	2,06
29,32	2,09
29,35	2,03
29,37	2,12
29,40	2,05
29,42	2,12
29,45	2,03
29,47	2,12
29,49	2,03
29,52	2,09
29,54	2,00
29,57	2,05
29,59	1,95
29,62	2,05
29,64	1,98
29,67	2,05
29,69	1,99
29,71	2,03
29,74	2,00
29,76	2,07
29,79	2,00
29,81	2,06
29,84	2,02
29,86	2,06
29,89	2,10
29,91	2,16
29,93	2,15
29,96	2,18
29,98	2,17
30,01	2,22
30,03	2,25
30,06	2,26
30,08	2,28
30,10	2,28
30,13	2,30
30,15	2,35
30,18	2,40
30,20	2,43
30,23	2,47
30,25	2,47
30,28	2,55
30,30	2,59
30,32	2,65
30,35	2,65
30,37	2,70
30,40	2,68
30,42	2,73
30,45	2,73
30,47	2,81
30,50	2,81
30,52	2,92
30,54	2,90
30,57	3,00
30,59	3,02
30,62	3,12
30,64	3,13
30,67	3,24
30,69	3,22
30,72	3,34
30,74	3,35
30,76	3,46
30,79	3,49
30,81	3,61
30,84	3,59
30,86	3,68
30,89	3,65
30,91	3,80
30,94	3,81
30,96	3,91
30,98	3,87
31,01	4,01
31,03	4,03
31,06	4,20
31,08	4,16
31,11	4,24
31,13	4,20
31,15	4,36
31,18	4,35
31,20	4,47
31,23	4,44
31,25	4,56
31,28	4,60
31,30	4,74
31,33	4,75
31,35	4,87
31,37	4,85
31,40	4,95
31,42	5,00
31,45	5,11
31,47	5,13
31,50	5,19
31,52	5,19
31,55	5,30
31,57	5,35
31,59	5,42
31,62	5,45
31,64	5,48
31,67	5,54
31,69	5,61
31,72	5,67
31,74	5,73
31,77	5,77
31,79	5,77
31,81	5,82
31,84	5,78
31,86	5,83
31,89	5,84
31,91	5,84
31,94	5,84
31,96	5,89
31,99	5,85
32,01	5,92
32,03	5,88
32,06	5,92
32,08	5,92
32,11	5,94
32,13	5,91
32,16	5,96
32,18	5,93
32,20	5,96
32,23	5,89
32,25	5,88
32,28	5,82
32,30	5,81
32,33	5,74
32,35	5,78
32,38	5,68
32,40	5,70
32,42	5,60
32,45	5,63
32,47	5,59
32,50	5,64
32,52	5,50
32,55	5,53
32,57	5,39
32,60	5,46
32,62	5,33
32,64	5,33
32,67	5,18
32,69	5,22
32,72	5,10
32,74	5,18
32,77	5,02
32,79	5,03
32,82	4,91
32,84	4,97
32,86	4,87
32,89	4,89
32,91	4,72
32,94	4,72
32,96	4,62
32,99	4,61
33,01	4,46
33,04	4,40
33,06	4,25
33,08	4,23
33,11	4,16
33,13	4,15
33,16	4,06
33,18	4,01
33,21	3,97
33,23	3,95
33,26	3,93
33,28	3,87
33,30	3,78
33,33	3,69
33,35	3,63
33,38	3,54
33,40	3,53
33,43	3,43
33,45	3,40
33,47	3,33
33,50	3,31
33,52	3,26
33,55	3,26
33,57	3,18
33,60	3,19
33,62	3,09
33,65	3,10
33,67	3,04
33,69	3,03
33,72	2,94
33,74	2,95
33,77	2,82
33,79	2,85
33,82	2,77
33,84	2,78
33,87	2,71
33,89	2,76
33,91	2,65
33,94	2,72
33,96	2,62
33,99	2,64
34,01	2,57
34,04	2,62
34,06	2,51
34,09	2,58
34,11	2,46
34,13	2,56
34,16	2,49
34,18	2,57
34,21	2,47
34,23	2,55
34,26	2,45
34,28	2,58
34,31	2,47
34,33	2,54
34,35	2,43
34,38	2,55
34,40	2,47
34,43	2,58
34,45	2,44
34,48	2,53
34,50	2,44
34,52	2,57
34,55	2,50
34,57	2,56
34,60	2,51
34,62	2,60
34,65	2,58
34,67	2,73
34,70	2,67
34,72	2,71
34,74	2,70
34,77	2,76
34,79	2,81
34,82	2,86
34,84	2,83
34,87	2,84
34,89	2,85
34,92	2,89
34,94	2,96
34,96	2,98
34,99	3,04
35,01	3,06
35,04	3,12
35,06	3,16
35,09	3,25
35,11	3,27
35,14	3,35
35,16	3,36
35,18	3,44
35,21	3,46
35,23	3,54
35,26	3,55
35,28	3,66
35,31	3,67
35,33	3,78
35,36	3,82
35,38	3,95
35,40	4,01
35,43	4,12
35,45	4,13
35,48	4,25
35,50	4,29
35,53	4,41
35,55	4,42
35,57	4,54
35,60	4,55
35,62	4,64
35,65	4,62
35,67	4,76
35,70	4,79
35,72	4,94
35,75	4,93
35,77	5,08
35,79	5,11
35,82	5,32
35,84	5,31
35,87	5,47
35,89	5,44
35,92	5,61
35,94	5,62
35,97	5,77
35,99	5,73
36,01	5,87
36,04	5,85
36,06	6,05
36,09	6,07
36,11	6,20
36,14	6,22
36,16	6,35
36,19	6,38
36,21	6,56
36,23	6,58
36,26	6,67
36,28	6,69
36,31	6,81
36,33	6,88
36,36	6,98
36,38	7,01
36,41	7,09
36,43	7,14
36,45	7,24
36,48	7,33
36,50	7,39
36,53	7,46
36,55	7,48
36,58	7,52
36,60	7,57
36,62	7,64
36,65	7,66
36,67	7,74
36,70	7,71
36,72	7,78
36,75	7,78
36,77	7,87
36,80	7,88
36,82	7,93
36,84	7,89
36,87	7,97
36,89	7,91
36,92	7,95
36,94	7,90
36,97	7,91
36,99	7,83
37,02	7,86
37,04	7,80
37,06	7,85
37,09	7,80
37,11	7,83
37,14	7,76
37,16	7,78
37,19	7,69
37,21	7,70
37,24	7,62
37,26	7,67
37,28	7,54
37,31	7,54
37,33	7,43
37,36	7,48
37,38	7,37
37,41	7,43
37,43	7,23
37,46	7,27
37,48	7,14
37,50	7,19
37,53	7,02
37,55	7,03
37,58	6,80
37,60	6,86
37,63	6,70
37,65	6,72
37,68	6,51
37,70	6,49
37,72	6,33
37,75	6,38
37,77	6,23
37,80	6,20
37,82	5,98
37,85	5,97
37,87	5,86
37,89	5,86
37,92	5,70
37,94	5,63
37,97	5,47
37,99	5,46
38,02	5,38
38,04	5,32
38,07	5,20
38,09	5,11
38,11	5,02
38,14	5,00
38,16	4,92
38,19	4,84
38,21	4,75
38,24	4,63
38,26	4,57
38,29	4,47
38,31	4,41
38,33	4,32
38,36	4,27
38,38	4,16
38,41	4,13
38,43	4,03
38,46	4,03
38,48	3,94
38,51	3,91
38,53	3,83
38,55	3,80
38,58	3,70
38,60	3,72
38,63	3,61
38,65	3,62
38,68	3,52
38,70	3,53
38,73	3,45
38,75	3,49
38,77	3,40
38,80	3,45
38,82	3,35
38,85	3,40
38,87	3,30
38,90	3,36
38,92	3,26
38,94	3,32
38,97	3,18
38,99	3,23
39,02	3,09
39,04	3,17
39,07	3,09
39,09	3,18
39,12	3,03
39,14	3,12
39,16	3,02
39,19	3,15
39,21	3,04
39,24	3,12
39,26	3,01
39,29	3,16
39,31	3,11
39,34	3,24
39,36	3,12
39,38	3,22
39,41	3,16
39,43	3,29
39,46	3,22
39,48	3,30
39,51	3,23
39,53	3,33
39,56	3,32
39,58	3,43
39,60	3,43
39,63	3,49
39,65	3,50
39,68	3,57
39,70	3,62
39,73	3,70
39,75	3,71
39,78	3,70
39,80	3,73
39,82	3,77
39,85	3,85
39,87	3,91
39,90	3,97
39,92	3,99
39,95	4,07
39,97	4,12
39,99	4,24
40,02	4,26
40,04	4,35
40,07	4,40
40,09	4,50
40,12	4,55
40,14	4,69
40,17	4,71
40,19	4,82
40,21	4,84
40,24	4,94
40,26	5,00
40,29	5,11
40,31	5,13
40,34	5,27
40,36	5,32
40,39	5,50
40,41	5,55
40,43	5,66
40,46	5,72
40,48	5,85
40,51	5,87
40,53	6,00
40,56	5,95
40,58	6,12
40,61	6,18
40,63	6,37
40,65	6,39
40,68	6,54
40,70	6,55
40,73	6,82
40,75	6,85
40,78	7,02
40,80	7,01
40,83	7,19
40,85	7,23
40,87	7,47
40,90	7,43
40,92	7,58
40,95	7,60
40,97	7,82
41,00	7,88
41,02	8,06
41,05	8,05
41,07	8,24
41,09	8,30
41,12	8,47
41,14	8,48
41,17	8,61
41,19	8,63
41,22	8,77
41,24	8,82
41,26	8,95
41,29	8,99
41,31	9,08
41,34	9,13
41,36	9,24
41,39	9,33
41,41	9,42
41,44	9,47
41,46	9,53
41,48	9,59
41,51	9,64
41,53	9,76
41,56	9,80
41,58	9,87
41,61	9,88
41,63	9,95
41,66	9,97
41,68	10,08
41,70	10,05
41,73	10,13
41,75	10,09
41,78	10,14
41,80	10,12
41,83	10,15
41,85	10,09
41,88	10,12
41,90	10,02
41,92	10,08
41,95	10,00
41,97	10,02
42,00	9,98
42,02	10,00
42,05	9,91
42,07	9,93
42,10	9,80
42,12	9,82
42,14	9,70
42,17	9,70
42,19	9,59
42,22	9,57
42,24	9,42
42,27	9,47
42,29	9,33
42,31	9,37
42,34	9,18
42,36	9,14
42,39	8,97
42,41	9,02
42,44	8,82
42,46	8,85
42,49	8,60
42,51	8,63
42,53	8,50
42,56	8,53
42,58	8,31
42,61	8,28
42,63	8,08
42,66	8,14
42,68	7,96
42,71	7,89
42,73	7,66
42,75	7,59
42,78	7,43
42,80	7,40
42,83	7,20
42,85	7,12
42,88	6,94
42,90	6,91
42,93	6,82
42,95	6,78
42,97	6,65
43,00	6,59
43,02	6,44
43,05	6,37
43,07	6,29
43,10	6,18
43,12	6,05
43,15	5,91
43,17	5,77
43,19	5,70
43,22	5,64
43,24	5,53
43,27	5,48
43,29	5,37
43,32	5,32
43,34	5,23
43,36	5,19
43,39	5,10
43,41	5,07
43,44	4,91
43,46	4,87
43,49	4,75
43,51	4,73
43,54	4,63
43,56	4,61
43,58	4,51
43,61	4,52
43,63	4,42
43,66	4,44
43,68	4,35
43,71	4,36
43,73	4,27
43,76	4,25
43,78	4,16
43,80	4,19
43,83	4,13
43,85	4,19
43,88	4,07
43,90	4,07
43,93	3,98
43,95	4,08
43,98	4,01
44,00	4,08
44,02	3,94
44,05	4,03
44,07	3,94
44,10	4,04
44,12	3,95
44,15	4,01
44,17	3,88
44,20	4,01
44,22	3,94
44,24	4,07
44,27	3,97
44,29	4,03
44,32	3,98
44,34	4,13
44,37	4,07
44,39	4,17
44,41	4,09
44,44	4,19
44,46	4,19
44,49	4,31
44,51	4,27
44,54	4,35
44,56	4,32
44,59	4,43
44,61	4,47
44,63	4,56
44,66	4,56
44,68	4,60
44,71	4,63
44,73	4,72
44,76	4,80
44,78	4,88
44,81	4,94
44,83	4,99
44,85	5,09
44,88	5,16
44,90	5,29
44,93	5,34
44,95	5,40
44,98	5,44
45,00	5,54
45,03	5,56
45,05	5,72
45,07	5,74
45,10	5,88
45,12	5,96
45,15	6,10
45,17	6,17
45,20	6,36
45,22	6,40
45,25	6,56
45,27	6,60
45,29	6,74
45,32	6,80
45,34	6,96
45,37	6,97
45,39	7,14
45,42	7,17
45,44	7,32
45,47	7,37
45,49	7,54
45,51	7,63
45,54	7,85
45,56	7,88
45,59	8,11
45,61	8,17
45,64	8,39
45,66	8,44
45,68	8,60
45,71	8,59
45,73	8,78
45,76	8,76
45,78	8,98
45,81	8,99
45,83	9,19
45,86	9,24
45,88	9,47
45,90	9,53
45,93	9,80
45,95	9,81
45,98	9,99
46,00	10,02
46,03	10,24
46,05	10,28
46,08	10,45
46,10	10,42
46,12	10,59
46,15	10,64
46,17	10,82
46,20	10,86
46,22	10,98
46,25	11,02
46,27	11,19
46,30	11,29
46,32	11,45
46,34	11,52
46,37	11,59
46,39	11,65
46,42	11,70
46,44	11,77
46,47	11,83
46,49	11,87
46,52	11,88
46,54	11,94
46,56	11,99
46,59	12,14
46,61	12,16
46,64	12,23
46,66	12,23
46,69	12,31
46,71	12,30
46,73	12,39
46,76	12,35
46,78	12,38
46,81	12,32
46,83	12,35
46,86	12,27
46,88	12,29
46,91	12,22
46,93	12,24
46,95	12,16
46,98	12,19
47,00	12,12
47,03	12,17
47,05	12,12
47,08	12,12
47,10	12,02
47,13	12,04
47,15	11,90
47,17	11,90
47,20	11,78
47,22	11,79
47,25	11,63
47,27	11,58
47,30	11,39
47,32	11,43
47,35	11,27
47,37	11,27
47,39	11,03
47,42	11,03
47,44	10,88
47,47	10,93
47,49	10,69
47,52	10,65
47,54	10,44
47,57	10,46
47,59	10,28
47,61	10,23
47,64	9,96
47,66	9,91
47,69	9,72
47,71	9,71
47,74	9,49
47,76	9,42
47,78	9,25
47,81	9,22
47,83	9,07
47,86	9,02
47,88	8,80
47,91	8,70
47,93	8,52
47,96	8,41
47,98	8,26
48,00	8,16
48,03	7,99
48,05	7,90
48,08	7,76
48,10	7,66
48,13	7,58
48,15	7,49
48,18	7,39
48,20	7,26
48,22	7,15
48,25	7,05
48,27	6,97
48,30	6,85
48,32	6,78
48,35	6,63
48,37	6,56
48,40	6,43
48,42	6,36
48,44	6,26
48,47	6,22
48,49	6,08
48,52	6,09
48,54	5,98
48,57	5,99
48,59	5,89
48,62	5,86
48,64	5,75
48,66	5,73
48,69	5,61
48,71	5,62
48,74	5,50
48,76	5,52
48,79	5,41
48,81	5,40
48,84	5,35
48,86	5,35
48,88	5,28
48,91	5,34
48,93	5,26
48,96	5,31
48,98	5,26
49,01	5,28
49,03	5,22
49,05	5,25
49,08	5,20
49,10	5,25
49,13	5,19
49,15	5,22
49,18	5,18
49,20	5,27
49,23	5,24
49,25	5,35
49,27	5,29
49,30	5,38
49,32	5,33
49,35	5,45
49,37	5,44
49,40	5,56
49,42	5,46
49,45	5,61
49,47	5,57
49,49	5,73
49,52	5,67
49,54	5,75
49,57	5,70
49,59	5,89
49,62	5,86
49,64	6,03
49,67	5,97
49,69	6,11
49,71	6,15
49,74	6,33
49,76	6,32
49,79	6,45
49,81	6,44
49,84	6,60
49,86	6,64
49,89	6,76
49,91	6,78
49,93	6,88
49,96	6,94
49,98	7,07
50,01	7,18
50,03	7,31
50,06	7,41
50,08	7,50
50,10	7,62
50,13	7,74
50,15	7,89
50,18	8,03
50,20	8,13
50,23	8,19
50,25	8,33
50,28	8,42
50,30	8,59
50,32	8,66
50,35	8,79
50,37	8,88
50,40	9,06
50,42	9,14
50,45	9,35
50,47	9,43
50,50	9,63
50,52	9,74
50,54	9,93
50,57	10,01
50,59	10,21
50,62	10,25
50,64	10,47
50,67	10,51
50,69	10,67
50,72	10,78
50,74	11,00
50,76	11,08
50,79	11,29
50,81	11,38
50,84	11,62
50,86	11,69
50,89	11,88
50,91	11,94
50,94	12,14
50,96	12,18
50,98	12,36
51,01	12,38
51,03	12,62
51,06	12,67
51,08	12,89
51,11	12,94
51,13	13,16
51,15	13,20
51,18	13,46
51,20	13,46
51,23	13,65
51,25	13,67
51,28	13,88
51,30	13,90
51,33	14,07
51,35	14,03
51,37	14,21
51,40	14,21
51,42	14,39
51,45	14,42
51,47	14,55
51,50	14,54
51,52	14,68
51,55	14,71
51,57	14,88
51,59	14,87
51,62	14,91
51,64	14,90
51,67	14,97
51,69	15,00
51,72	15,04
51,74	15,01
51,77	15,01
51,79	15,00
51,81	15,03
51,84	15,08
51,86	15,07
51,89	15,07
51,91	15,03
51,94	15,03
51,96	15,01
51,99	15,01
52,01	14,95
52,03	14,95
52,06	14,88
52,08	14,85
52,11	14,76
52,13	14,73
52,16	14,62
52,18	14,58
52,20	14,43
52,23	14,36
52,25	14,23
52,28	14,17
52,30	14,08
52,33	14,05
52,35	13,90
52,38	13,88
52,40	13,73
52,42	13,68
52,45	13,56
52,47	13,46
52,50	13,26
52,52	13,17
52,55	12,93
52,57	12,90
52,60	12,73
52,62	12,68
52,64	12,48
52,67	12,42
52,69	12,24
52,72	12,25
52,74	12,03
52,77	11,99
52,79	11,73
52,82	11,68
52,84	11,46
52,86	11,41
52,89	11,13
52,91	11,06
52,94	10,78
52,96	10,78
52,99	10,58
53,01	10,55
53,04	10,34
53,06	10,28
53,08	10,10
53,11	10,10
53,13	9,87
53,16	9,76
53,18	9,56
53,21	9,47
53,23	9,34
53,26	9,27
53,28	9,08
53,30	9,01
53,33	8,87
53,35	8,80
53,38	8,74
53,40	8,67
53,43	8,57
53,45	8,47
53,47	8,36
53,50	8,30
53,52	8,23
53,55	8,11
53,57	8,04
53,60	7,93
53,62	7,87
53,65	7,81
53,67	7,78
53,69	7,69
53,72	7,66
53,74	7,57
53,77	7,58
53,79	7,52
53,82	7,55
53,84	7,48
53,87	7,48
53,89	7,43
53,91	7,43
53,94	7,37
53,96	7,38
53,99	7,27
54,01	7,31
54,04	7,25
54,06	7,28
54,09	7,23
54,11	7,28
54,13	7,23
54,16	7,32
54,18	7,27
54,21	7,34
54,23	7,28
54,26	7,39
54,28	7,36
54,31	7,49
54,33	7,40
54,35	7,50
54,38	7,45
54,40	7,60
54,43	7,56
54,45	7,69
54,48	7,60
54,50	7,77
54,52	7,73
54,55	7,90
54,57	7,87
54,60	8,01
54,62	7,97
54,65	8,20
54,67	8,20
54,70	8,38
54,72	8,35
54,74	8,47
54,77	8,51
54,79	8,69
54,82	8,70
54,84	8,83
54,87	8,84
54,89	9,02
54,92	9,11
54,94	9,28
54,96	9,35
54,99	9,47
55,01	9,57
55,04	9,74
55,06	9,88
55,09	10,00
55,11	10,11
55,14	10,20
55,16	10,32
55,18	10,45
55,21	10,61
55,23	10,74
55,26	10,91
55,28	10,99
55,31	11,19
55,33	11,32
55,36	11,54
55,38	11,65
55,40	11,87
55,43	11,96
55,45	12,10
55,48	12,19
55,50	12,43
55,53	12,51
55,55	12,70
55,57	12,77
55,60	13,01
55,62	13,20
55,65	13,45
55,67	13,54
55,70	13,77
55,72	13,88
55,75	14,12
55,77	14,23
55,79	14,42
55,82	14,53
55,84	14,72
55,87	14,80
55,89	15,04
55,92	15,09
55,94	15,30
55,97	15,43
55,99	15,66
56,01	15,74
56,04	15,99
56,06	16,04
56,09	16,32
56,11	16,39
56,14	16,61
56,16	16,65
56,19	16,85
56,21	16,90
56,23	17,14
56,26	17,15
56,28	17,35
56,31	17,40
56,33	17,63
56,36	17,74
56,38	17,92
56,41	17,92
56,43	18,10
56,45	18,15
56,48	18,33
56,50	18,36
56,53	18,48
56,55	18,50
56,58	18,65
56,60	18,71
56,62	18,83
56,65	18,86
56,67	18,91
56,70	18,93
56,72	18,99
56,75	19,04
56,77	19,09
56,80	19,09
56,82	19,02
56,84	19,04
56,87	19,05
56,89	19,09
56,92	19,06
56,94	19,05
56,97	19,02
56,99	19,08
57,02	19,05
57,04	19,08
57,06	19,02
57,09	19,02
57,11	18,96
57,14	18,94
57,16	18,88
57,19	18,87
57,21	18,76
57,24	18,74
57,26	18,62
57,28	18,58
57,31	18,44
57,33	18,38
57,36	18,25
57,38	18,19
57,41	18,00
57,43	17,96
57,46	17,79
57,48	17,75
57,50	17,61
57,53	17,55
57,55	17,39
57,58	17,34
57,60	17,13
57,63	17,14
57,65	16,92
57,68	16,90
57,70	16,66
57,72	16,59
57,75	16,35
57,77	16,35
57,80	16,10
57,82	16,08
57,85	15,83
57,87	15,81
57,89	15,62
57,92	15,62
57,94	15,36
57,97	15,31
57,99	15,07
58,02	15,06
58,04	14,83
58,07	14,76
58,09	14,51
58,11	14,45
58,14	14,23
58,16	14,18
58,19	13,95
58,21	13,85
58,24	13,65
58,26	13,59
58,29	13,45
58,31	13,40
58,33	13,24
58,36	13,14
58,38	12,98
58,41	12,90
58,43	12,81
58,46	12,72
58,48	12,60
58,51	12,48
58,53	12,38
58,55	12,30
58,58	12,25
58,60	12,14
58,63	12,08
58,65	11,96
58,68	11,90
58,70	11,84
58,73	11,83
58,75	11,73
58,77	11,71
58,80	11,58
58,82	11,59
58,85	11,52
58,87	11,51
58,90	11,44
58,92	11,45
58,94	11,36
58,97	11,41
58,99	11,35
59,02	11,41
59,04	11,33
59,07	11,37
59,09	11,31
59,12	11,36
59,14	11,31
59,16	11,38
59,19	11,35
59,21	11,46
59,24	11,39
59,26	11,47
59,29	11,42
59,31	11,54
59,34	11,49
59,36	11,61
59,38	11,52
59,41	11,64
59,43	11,64
59,46	11,81
59,48	11,80
59,51	11,94
59,53	11,87
59,56	12,09
59,58	12,10
59,60	12,26
59,63	12,21
59,65	12,35
59,68	12,36
59,70	12,58
59,73	12,58
59,75	12,73
59,78	12,75
59,80	12,94
59,82	13,01
59,85	13,21
59,87	13,26
59,90	13,46
59,92	13,56
59,95	13,70
59,97	13,77
59,99	13,84
