Voltage U1	Corriente IA
U1/V	IA/nA

0,02	0,52
0,04	0,54
0,07	0,51
0,09	0,50
0,12	0,50
0,14	0,51
0,17	0,51
0,19	0,55
0,21	0,52
0,24	0,57
0,26	0,57
0,29	0,57
0,31	0,56
0,34	0,55
0,36	0,54
0,39	0,56
0,41	0,53
0,43	0,53
0,46	0,52
0,48	0,52
0,51	0,53
0,53	0,54
0,56	0,52
0,58	0,56
0,61	0,54
0,63	0,55
0,65	0,55
0,68	0,56
0,70	0,54
0,73	0,55
0,75	0,50
0,78	0,53
0,80	0,52
0,83	0,53
0,85	0,55
0,87	0,56
0,90	0,54
0,92	0,56
0,95	0,56
0,97	0,59
1,00	0,57
1,02	0,53
1,05	0,53
1,07	0,52
1,09	0,52
1,12	0,52
1,14	0,50
1,17	0,50
1,19	0,50
1,22	0,49
1,24	0,52
1,26	0,51
1,29	0,50
1,31	0,51
1,34	0,53
1,36	0,50
1,39	0,57
1,41	0,55
1,44	0,56
1,46	0,57
1,48	0,56
1,51	0,55
1,53	0,57
1,56	0,52
1,58	0,55
1,61	0,54
1,63	0,55
1,66	0,53
1,68	0,53
1,70	0,55
1,73	0,55
1,75	0,51
1,78	0,52
1,80	0,50
1,83	0,50
1,85	0,49
1,88	0,51
1,90	0,49
1,92	0,51
1,95	0,50
1,97	0,52
2,00	0,52
2,02	0,53
2,05	0,53
2,07	0,56
2,10	0,54
2,12	0,56
2,14	0,55
2,17	0,55
2,19	0,55
2,22	0,52
2,24	0,51
2,27	0,52
2,29	0,49
2,31	0,52
2,34	0,51
2,36	0,52
2,39	0,51
2,41	0,51
2,44	0,52
2,46	0,53
2,49	0,49
2,51	0,52
2,53	0,52
2,56	0,53
2,58	0,54
2,61	0,52
2,63	0,53
2,66	0,54
2,68	0,52
2,71	0,53
2,73	0,52
2,75	0,51
2,78	0,54
2,80	0,54
2,83	0,54
2,85	0,54
2,88	0,55
2,90	0,55
2,93	0,56
2,95	0,52
2,97	0,54
3,00	0,52
3,02	0,52
3,05	0,50
3,07	0,51
3,10	0,51
3,12	0,51
3,15	0,51
3,17	0,55
3,19	0,56
3,22	0,56
3,24	0,55
3,27	0,52
3,29	0,53
3,32	0,52
3,34	0,49
3,36	0,48
3,39	0,49
3,41	0,50
3,44	0,52
3,46	0,55
3,49	0,53
3,51	0,57
3,54	0,56
3,56	0,58
3,58	0,57
3,61	0,54
3,63	0,51
3,66	0,53
3,68	0,51
3,71	0,52
3,73	0,49
3,76	0,51
3,78	0,52
3,80	0,53
3,83	0,51
3,85	0,52
3,88	0,51
3,90	0,55
3,93	0,53
3,95	0,54
3,98	0,53
4,00	0,53
4,02	0,51
4,05	0,53
4,07	0,50
4,10	0,51
4,12	0,50
4,15	0,50
4,17	0,53
4,20	0,53
4,22	0,50
4,24	0,54
4,27	0,52
4,29	0,54
4,32	0,54
4,34	0,54
4,37	0,56
4,39	0,56
4,42	0,53
4,44	0,54
4,46	0,52
4,49	0,51
4,51	0,51
4,54	0,50
4,56	0,49
4,59	0,49
4,61	0,49
4,63	0,53
4,66	0,53
4,68	0,52
4,71	0,53
4,73	0,51
4,76	0,53
4,78	0,52
4,81	0,50
4,83	0,51
4,85	0,50
4,88	0,47
4,90	0,51
4,93	0,49
4,95	0,51
4,98	0,53
5,00	0,52
5,03	0,53
5,05	0,56
5,07	0,54
5,10	0,56
5,12	0,53
5,15	0,55
5,17	0,55
5,20	0,55
5,22	0,52
5,25	0,55
5,27	0,53
5,29	0,56
5,32	0,51
5,34	0,51
5,37	0,54
5,39	0,55
5,42	0,54
5,44	0,57
5,47	0,52
5,49	0,57
5,51	0,57
5,54	0,57
5,56	0,54
5,59	0,55
5,61	0,52
5,64	0,56
5,66	0,52
5,68	0,51
5,71	0,50
5,73	0,53
5,76	0,51
5,78	0,52
5,81	0,50
5,83	0,52
5,86	0,52
5,88	0,54
5,90	0,54
5,93	0,53
5,95	0,51
5,98	0,53
6,00	0,51
6,03	0,53
6,05	0,52
6,08	0,51
6,10	0,54
6,12	0,55
6,15	0,55
6,17	0,56
6,20	0,53
6,22	0,54
6,25	0,52
6,27	0,50
6,30	0,50
6,32	0,49
6,34	0,48
6,37	0,50
6,39	0,50
6,42	0,51
6,44	0,52
6,47	0,53
6,49	0,53
6,52	0,53
6,54	0,53
6,56	0,52
6,59	0,53
6,61	0,50
6,64	0,49
6,66	0,49
6,69	0,49
6,71	0,51
6,73	0,53
6,76	0,53
6,78	0,58
6,81	0,56
6,83	0,59
6,86	0,57
6,88	0,56
6,91	0,55
6,93	0,53
6,95	0,50
6,98	0,52
7,00	0,50
7,03	0,51
7,05	0,51
7,08	0,52
7,10	0,55
7,13	0,56
7,15	0,55
7,17	0,56
7,20	0,55
7,22	0,55
7,25	0,52
7,27	0,53
7,30	0,51
7,32	0,52
7,35	0,50
7,37	0,54
7,39	0,52
7,42	0,55
7,44	0,55
7,47	0,56
7,49	0,57
7,52	0,59
7,54	0,56
7,57	0,62
7,59	0,59
7,61	0,60
7,64	0,61
7,66	0,61
7,69	0,60
7,71	0,60
7,74	0,56
7,76	0,57
7,78	0,54
7,81	0,54
7,83	0,55
7,86	0,56
7,88	0,56
7,91	0,56
7,93	0,55
7,96	0,56
7,98	0,56
8,00	0,54
8,03	0,54
8,05	0,53
8,08	0,54
8,10	0,56
8,13	0,54
8,15	0,55
8,18	0,56
8,20	0,55
8,22	0,57
8,25	0,57
8,27	0,57
8,30	0,60
8,32	0,60
8,35	0,59
8,37	0,61
8,40	0,57
8,42	0,58
8,44	0,56
8,47	0,56
8,49	0,57
8,52	0,56
8,54	0,55
8,57	0,61
8,59	0,60
8,62	0,63
8,64	0,61
8,66	0,64
8,69	0,66
8,71	0,68
8,74	0,66
8,76	0,66
8,79	0,62
8,81	0,62
8,84	0,59
8,86	0,57
8,88	0,54
8,91	0,55
8,93	0,54
8,96	0,57
8,98	0,56
9,01	0,57
9,03	0,59
9,05	0,60
9,08	0,57
9,10	0,59
9,13	0,55
9,15	0,59
9,18	0,58
9,20	0,59
9,23	0,59
9,25	0,60
9,27	0,57
9,30	0,61
9,32	0,58
9,35	0,58
9,37	0,57
9,40	0,59
9,42	0,60
9,45	0,63
9,47	0,60
9,49	0,62
9,52	0,61
9,54	0,64
9,57	0,64
9,59	0,62
9,62	0,61
9,64	0,62
9,67	0,61
9,69	0,63
9,71	0,61
9,74	0,60
9,76	0,61
9,79	0,60
9,81	0,61
9,84	0,62
9,86	0,61
9,89	0,60
9,91	0,59
9,93	0,59
9,96	0,61
9,98	0,59
10,01	0,61
10,03	0,60
10,06	0,60
10,08	0,62
10,10	0,63
10,13	0,63
10,15	0,67
10,18	0,62
10,20	0,64
10,23	0,64
10,25	0,64
10,28	0,63
10,30	0,65
10,32	0,63
10,35	0,67
10,37	0,65
10,40	0,65
10,42	0,64
10,45	0,68
10,47	0,64
10,50	0,67
10,52	0,65
10,54	0,66
10,57	0,64
10,59	0,65
10,62	0,61
10,64	0,62
10,67	0,59
10,69	0,61
10,72	0,59
10,74	0,61
10,76	0,62
10,79	0,65
10,81	0,65
10,84	0,67
10,86	0,65
10,89	0,68
10,91	0,68
10,94	0,66
10,96	0,65
10,98	0,65
11,01	0,64
11,03	0,67
11,06	0,65
11,08	0,67
11,11	0,68
11,13	0,68
11,15	0,68
11,18	0,68
11,20	0,66
11,23	0,69
11,25	0,66
11,28	0,66
11,30	0,66
11,33	0,67
11,35	0,70
11,37	0,69
11,40	0,67
11,42	0,69
11,45	0,66
11,47	0,66
11,50	0,68
11,52	0,67
11,55	0,68
11,57	0,68
11,59	0,68
11,62	0,71
11,64	0,71
11,67	0,69
11,69	0,69
11,72	0,69
11,74	0,70
11,77	0,72
11,79	0,73
11,81	0,73
11,84	0,74
11,86	0,74
11,89	0,76
11,91	0,77
11,94	0,77
11,96	0,77
11,99	0,76
12,01	0,74
12,03	0,75
12,06	0,71
12,08	0,72
12,11	0,72
12,13	0,73
12,16	0,75
12,18	0,75
12,21	0,74
12,23	0,79
12,25	0,77
12,28	0,78
12,30	0,76
12,33	0,78
12,35	0,80
12,38	0,82
12,40	0,79
12,42	0,82
12,45	0,79
12,47	0,79
12,50	0,78
12,52	0,81
12,55	0,79
12,57	0,81
12,60	0,79
12,62	0,83
12,64	0,83
12,67	0,83
12,69	0,81
12,72	0,83
12,74	0,81
12,77	0,82
12,79	0,81
12,82	0,82
12,84	0,81
12,86	0,80
12,89	0,79
12,91	0,82
12,94	0,81
12,96	0,83
12,99	0,83
13,01	0,85
13,04	0,86
13,06	0,88
13,08	0,86
13,11	0,87
13,13	0,84
13,16	0,83
13,18	0,82
13,21	0,82
13,23	0,83
13,26	0,83
13,28	0,82
13,30	0,83
13,33	0,84
13,35	0,87
13,38	0,88
13,40	0,85
13,43	0,85
13,45	0,84
13,47	0,86
13,50	0,86
13,52	0,86
13,55	0,85
13,57	0,86
13,60	0,87
13,62	0,90
13,65	0,87
13,67	0,88
13,69	0,87
13,72	0,88
13,74	0,87
13,77	0,85
13,79	0,82
13,82	0,83
13,84	0,80
13,87	0,79
13,89	0,79
13,91	0,80
13,94	0,80
13,96	0,86
13,99	0,85
14,01	0,88
14,04	0,87
14,06	0,88
14,09	0,88
14,11	0,90
14,13	0,86
14,16	0,88
14,18	0,86
14,21	0,85
14,23	0,84
14,26	0,85
14,28	0,85
14,31	0,86
14,33	0,83
14,35	0,88
14,38	0,85
14,40	0,87
14,43	0,85
14,45	0,86
14,48	0,85
14,50	0,87
14,52	0,84
14,55	0,87
14,57	0,85
14,60	0,85
14,62	0,82
14,65	0,81
14,67	0,78
14,70	0,82
14,72	0,80
14,74	0,81
14,77	0,81
14,79	0,82
14,82	0,83
14,84	0,84
14,87	0,83
14,89	0,84
14,92	0,83
14,94	0,82
14,96	0,81
14,99	0,81
15,01	0,81
15,04	0,81
15,06	0,80
15,09	0,80
15,11	0,80
15,14	0,80
15,16	0,84
15,18	0,83
15,21	0,84
15,23	0,83
15,26	0,82
15,28	0,82
15,31	0,81
15,33	0,78
15,36	0,79
15,38	0,75
15,40	0,76
15,43	0,79
15,45	0,82
15,48	0,82
15,50	0,84
15,53	0,82
15,55	0,87
15,57	0,87
15,60	0,84
15,62	0,83
15,65	0,81
15,67	0,78
15,70	0,77
15,72	0,75
15,75	0,74
15,77	0,73
15,79	0,73
15,82	0,75
15,84	0,80
15,87	0,81
15,89	0,84
15,92	0,83
15,94	0,85
15,97	0,84
15,99	0,85
16,01	0,82
16,04	0,85
16,06	0,81
16,09	0,84
16,11	0,81
16,14	0,83
16,16	0,82
16,19	0,83
16,21	0,82
16,23	0,84
16,26	0,81
16,28	0,89
16,31	0,87
16,33	0,89
16,36	0,88
16,38	0,87
16,41	0,86
16,43	0,88
16,45	0,83
16,48	0,84
16,50	0,84
16,53	0,85
16,55	0,87
16,58	0,89
16,60	0,89
16,63	0,94
16,65	0,93
16,67	0,94
16,70	0,96
16,72	0,96
16,75	0,96
16,77	0,96
16,80	0,92
16,82	0,94
16,84	0,93
16,87	0,93
16,89	0,93
16,92	0,94
16,94	0,96
16,97	0,97
16,99	0,99
17,02	1,02
17,04	1,03
17,06	1,02
17,09	1,04
17,11	1,00
17,14	1,03
17,16	1,02
17,19	1,02
17,21	1,02
17,24	1,03
17,26	1,01
17,28	1,08
17,31	1,03
17,33	1,05
17,36	1,05
17,38	1,07
17,41	1,06
17,43	1,08
17,46	1,04
17,48	1,07
17,50	1,06
17,53	1,07
17,55	1,05
17,58	1,06
17,60	1,05
17,63	1,08
17,65	1,06
17,68	1,07
17,70	1,05
17,72	1,08
17,75	1,12
17,77	1,14
17,80	1,12
17,82	1,15
17,85	1,11
17,87	1,14
17,89	1,13
17,92	1,12
17,94	1,11
17,97	1,13
17,99	1,11
18,02	1,13
18,04	1,11
18,07	1,11
18,09	1,10
18,11	1,12
18,14	1,11
18,16	1,14
18,19	1,15
18,21	1,16
18,24	1,17
18,26	1,17
18,29	1,16
18,31	1,13
18,33	1,12
18,36	1,11
18,38	1,11
18,41	1,11
18,43	1,10
18,46	1,10
18,48	1,15
18,51	1,14
18,53	1,14
18,55	1,15
18,58	1,12
18,60	1,10
18,63	1,09
18,65	1,07
18,68	1,09
18,70	1,08
18,73	1,08
18,75	1,10
18,77	1,10
18,80	1,09
18,82	1,10
18,85	1,08
18,87	1,09
18,90	1,05
18,92	1,04
18,94	1,03
18,97	1,03
18,99	1,01
19,02	1,02
19,04	0,99
19,07	1,00
19,09	1,00
19,12	1,01
19,14	1,02
19,16	1,04
19,19	1,02
19,21	1,07
19,24	1,06
19,26	1,05
19,29	1,07
19,31	1,05
19,34	1,01
19,36	1,02
19,38	0,98
19,41	0,99
19,43	0,99
19,46	0,97
19,48	0,97
19,51	0,98
19,53	0,96
19,56	0,97
19,58	0,94
19,60	0,93
19,63	0,91
19,65	0,91
19,68	0,90
19,70	0,91
19,73	0,90
19,75	0,93
19,78	0,91
19,80	0,95
19,82	0,94
19,85	0,95
19,87	0,95
19,90	0,96
19,92	0,95
19,95	1,00
19,97	0,96
19,99	0,96
20,02	0,95
20,04	0,92
20,07	0,91
20,09	0,90
20,12	0,88
20,14	0,89
20,17	0,88
20,19	0,88
20,21	0,91
20,24	0,91
20,26	0,91
20,29	0,90
20,31	0,89
20,34	0,91
20,36	0,92
20,39	0,91
20,41	0,91
20,43	0,91
20,46	0,91
20,48	0,93
20,51	0,91
20,53	0,91
20,56	0,95
20,58	0,95
20,61	0,96
20,63	0,98
20,65	1,00
20,68	1,04
20,70	1,04
20,73	1,02
20,75	1,03
20,78	1,01
20,80	1,00
20,83	1,00
20,85	0,99
20,87	1,00
20,90	1,00
20,92	1,01
20,95	1,03
20,97	1,03
21,00	1,03
21,02	1,03
21,05	1,05
21,07	1,06
21,09	1,08
21,12	1,09
21,14	1,12
21,17	1,13
21,19	1,15
21,22	1,14
21,24	1,12
21,26	1,10
21,29	1,10
21,31	1,11
21,34	1,12
21,36	1,12
21,39	1,14
21,41	1,17
21,44	1,19
21,46	1,18
21,48	1,19
21,51	1,19
21,53	1,21
21,56	1,21
21,58	1,23
21,61	1,23
21,63	1,24
21,66	1,24
21,68	1,27
21,70	1,27
21,73	1,28
21,75	1,29
21,78	1,32
21,80	1,35
21,83	1,38
21,85	1,37
21,88	1,38
21,90	1,38
21,92	1,38
21,95	1,39
21,97	1,38
22,00	1,38
22,02	1,38
22,05	1,40
22,07	1,43
22,10	1,44
22,12	1,42
22,14	1,45
22,17	1,45
22,19	1,46
22,22	1,46
22,24	1,46
22,27	1,46
22,29	1,49
22,31	1,47
22,34	1,50
22,36	1,47
22,39	1,47
22,41	1,47
22,44	1,48
22,46	1,47
22,49	1,48
22,51	1,47
22,53	1,51
22,56	1,51
22,58	1,50
22,61	1,49
22,63	1,51
22,66	1,51
22,68	1,56
22,71	1,54
22,73	1,56
22,75	1,56
22,78	1,56
22,80	1,55
22,83	1,57
22,85	1,51
22,88	1,52
22,90	1,48
22,93	1,49
22,95	1,48
22,97	1,49
23,00	1,45
23,02	1,47
23,05	1,45
23,07	1,46
23,10	1,42
23,12	1,43
23,15	1,43
23,17	1,45
23,19	1,43
23,22	1,45
23,24	1,42
23,27	1,45
23,29	1,42
23,32	1,41
23,34	1,39
23,36	1,41
23,39	1,38
23,41	1,41
23,44	1,39
23,46	1,39
23,49	1,38
23,51	1,38
23,54	1,37
23,56	1,37
23,58	1,34
23,61	1,34
23,63	1,32
23,66	1,31
23,68	1,30
23,71	1,29
23,73	1,28
23,76	1,27
23,78	1,26
23,80	1,26
23,83	1,23
23,85	1,21
23,88	1,23
23,90	1,22
23,93	1,21
23,95	1,21
23,98	1,19
24,00	1,20
24,02	1,20
24,05	1,17
24,07	1,18
24,10	1,16
24,12	1,17
24,15	1,21
24,17	1,20
24,20	1,18
24,22	1,20
24,24	1,15
24,27	1,16
24,29	1,14
24,32	1,09
24,34	1,09
24,37	1,08
24,39	1,04
24,42	1,07
24,44	1,05
24,46	1,05
24,49	1,05
24,51	1,04
24,54	1,03
24,56	1,05
24,59	1,01
24,61	1,03
24,63	1,03
24,66	1,02
24,68	1,02
24,71	1,03
24,73	1,01
24,76	1,05
24,78	1,01
24,81	1,04
24,83	1,03
24,85	1,05
24,88	1,06
24,90	1,08
24,93	1,06
24,95	1,09
24,98	1,07
25,00	1,11
25,03	1,11
25,05	1,11
25,07	1,09
25,10	1,09
25,12	1,08
25,15	1,09
25,17	1,06
25,20	1,07
25,22	1,06
25,25	1,07
25,27	1,09
25,29	1,09
25,32	1,08
25,34	1,11
25,37	1,09
25,39	1,11
25,42	1,13
25,44	1,13
25,47	1,15
25,49	1,16
25,51	1,16
25,54	1,18
25,56	1,18
25,59	1,17
25,61	1,21
25,64	1,21
25,66	1,22
25,68	1,23
25,71	1,24
25,73	1,27
25,76	1,28
25,78	1,26
25,81	1,28
25,83	1,28
25,86	1,30
25,88	1,31
25,90	1,32
25,93	1,34
25,95	1,36
25,98	1,36
26,00	1,39
26,03	1,39
26,05	1,39
26,08	1,43
26,10	1,45
26,12	1,47
26,15	1,49
26,17	1,49
26,20	1,51
26,22	1,53
26,25	1,52
26,27	1,53
26,30	1,55
26,32	1,56
26,34	1,63
26,37	1,63
26,39	1,64
26,42	1,67
26,44	1,68
26,47	1,69
26,49	1,72
26,52	1,68
26,54	1,73
26,56	1,74
26,59	1,76
26,61	1,78
26,64	1,80
26,66	1,79
26,69	1,83
26,71	1,82
26,73	1,85
26,76	1,85
26,78	1,88
26,81	1,93
26,83	1,96
26,86	1,95
26,88	1,98
26,91	1,97
26,93	1,99
26,95	1,98
26,98	1,98
27,00	1,98
27,03	1,99
27,05	1,98
27,08	2,02
27,10	2,01
27,13	2,04
27,15	2,04
27,17	2,04
27,20	2,06
27,22	2,08
27,25	2,06
27,27	2,08
27,30	2,06
27,32	2,06
27,35	2,06
27,37	2,04
27,39	2,06
27,42	2,04
27,44	2,04
27,47	2,03
27,49	2,04
27,52	2,04
27,54	2,08
27,57	2,06
27,59	2,08
27,61	2,06
27,64	2,07
27,66	2,03
27,69	2,05
27,71	1,99
27,74	1,99
27,76	1,96
27,78	1,97
27,81	1,96
27,83	1,97
27,86	1,92
27,88	1,94
27,91	1,92
27,93	1,96
27,96	1,93
27,98	1,93
28,00	1,90
28,03	1,88
28,05	1,85
28,08	1,86
28,10	1,80
28,13	1,79
28,15	1,75
28,18	1,75
28,20	1,74
28,22	1,75
28,25	1,72
28,27	1,73
28,30	1,70
28,32	1,70
28,35	1,67
28,37	1,66
28,40	1,63
28,42	1,61
28,44	1,57
28,47	1,58
28,49	1,54
28,52	1,55
28,54	1,54
28,57	1,55
28,59	1,53
28,62	1,53
28,64	1,50
28,66	1,53
28,69	1,50
28,71	1,47
28,74	1,44
28,76	1,40
28,79	1,38
28,81	1,38
28,84	1,36
28,86	1,36
28,88	1,34
28,91	1,33
28,93	1,33
28,96	1,33
28,98	1,30
29,01	1,31
29,03	1,29
29,05	1,29
29,08	1,29
29,10	1,28
29,13	1,27
29,15	1,26
29,18	1,23
29,20	1,22
29,23	1,21
29,25	1,20
29,27	1,21
29,30	1,19
29,32	1,20
29,35	1,19
29,37	1,19
29,40	1,20
29,42	1,18
29,45	1,16
29,47	1,17
29,49	1,12
29,52	1,12
29,54	1,13
29,57	1,11
29,59	1,12
29,62	1,11
29,64	1,11
29,67	1,17
29,69	1,16
29,71	1,18
29,74	1,22
29,76	1,25
29,79	1,26
29,81	1,26
29,84	1,24
29,86	1,25
29,89	1,23
29,91	1,20
29,93	1,18
29,96	1,18
29,98	1,19
30,01	1,22
30,03	1,23
30,06	1,24
30,08	1,25
30,10	1,28
30,13	1,29
30,15	1,29
30,18	1,29
30,20	1,31
30,23	1,30
30,25	1,31
30,28	1,29
30,30	1,31
30,32	1,32
30,35	1,32
30,37	1,31
30,40	1,36
30,42	1,36
30,45	1,38
30,47	1,41
30,50	1,44
30,52	1,48
30,54	1,51
30,57	1,49
30,59	1,51
30,62	1,53
30,64	1,54
30,67	1,55
30,69	1,55
30,72	1,56
30,74	1,60
30,76	1,61
30,79	1,65
30,81	1,66
30,84	1,68
30,86	1,72
30,89	1,74
30,91	1,78
30,94	1,81
30,96	1,81
30,98	1,82
31,01	1,83
31,03	1,83
31,06	1,87
31,08	1,86
31,11	1,89
31,13	1,92
31,15	1,96
31,18	1,98
31,20	2,04
31,23	2,06
31,25	2,10
31,28	2,09
31,30	2,13
31,33	2,13
31,35	2,15
31,37	2,13
31,40	2,16
31,42	2,14
31,45	2,19
31,47	2,20
31,50	2,24
31,52	2,27
31,55	2,31
31,57	2,32
31,59	2,40
31,62	2,38
31,64	2,43
31,67	2,46
31,69	2,46
31,72	2,46
31,74	2,48
31,77	2,47
31,79	2,51
31,81	2,49
31,84	2,49
31,86	2,50
31,89	2,53
31,91	2,53
31,94	2,56
31,96	2,54
31,99	2,56
32,01	2,56
32,03	2,59
32,06	2,57
32,08	2,60
32,11	2,57
32,13	2,60
32,16	2,57
32,18	2,59
32,20	2,60
32,23	2,60
32,25	2,57
32,28	2,59
32,30	2,58
32,33	2,61
32,35	2,59
32,38	2,56
32,40	2,56
32,42	2,55
32,45	2,54
32,47	2,53
32,50	2,50
32,52	2,49
32,55	2,46
32,57	2,44
32,60	2,45
32,62	2,43
32,64	2,41
32,67	2,39
32,69	2,37
32,72	2,37
32,74	2,37
32,77	2,34
32,79	2,33
32,82	2,29
32,84	2,26
32,86	2,26
32,89	2,22
32,91	2,19
32,94	2,16
32,96	2,10
32,99	2,10
33,01	2,07
33,04	2,03
33,06	2,05
33,08	2,05
33,11	2,03
33,13	2,04
33,16	1,99
33,18	1,99
33,21	1,95
33,23	1,92
33,26	1,87
33,28	1,84
33,30	1,80
33,33	1,81
33,35	1,79
33,38	1,80
33,40	1,76
33,43	1,73
33,45	1,73
33,47	1,74
33,50	1,71
33,52	1,69
33,55	1,65
33,57	1,66
33,60	1,65
33,62	1,64
33,65	1,61
33,67	1,61
33,69	1,58
33,72	1,61
33,74	1,56
33,77	1,55
33,79	1,55
33,82	1,52
33,84	1,51
33,87	1,51
33,89	1,47
33,91	1,48
33,94	1,43
33,96	1,41
33,99	1,41
34,01	1,39
34,04	1,35
34,06	1,36
34,09	1,35
34,11	1,35
34,13	1,33
34,16	1,34
34,18	1,35
34,21	1,35
34,23	1,33
34,26	1,32
34,28	1,32
34,31	1,33
34,33	1,32
34,35	1,29
34,38	1,30
34,40	1,29
34,43	1,29
34,45	1,30
34,48	1,30
34,50	1,29
34,52	1,32
34,55	1,31
34,57	1,32
34,60	1,32
34,62	1,32
34,65	1,28
34,67	1,30
34,70	1,29
34,72	1,31
34,74	1,28
34,77	1,30
34,79	1,32
34,82	1,37
34,84	1,38
34,87	1,42
34,89	1,40
34,92	1,46
34,94	1,47
34,96	1,46
34,99	1,44
35,01	1,46
35,04	1,44
35,06	1,50
35,09	1,47
35,11	1,51
35,14	1,54
35,16	1,60
35,18	1,59
35,21	1,63
35,23	1,61
35,26	1,65
35,28	1,62
35,31	1,63
35,33	1,64
35,36	1,68
35,38	1,67
35,40	1,71
35,43	1,71
35,45	1,77
35,48	1,76
35,50	1,79
35,53	1,82
35,55	1,87
35,57	1,89
35,60	1,95
35,62	1,96
35,65	2,02
35,67	2,03
35,70	2,05
35,72	2,06
35,75	2,08
35,77	2,08
35,79	2,13
35,82	2,14
35,84	2,18
35,87	2,21
35,89	2,23
35,92	2,27
35,94	2,31
35,97	2,32
35,99	2,37
36,01	2,39
36,04	2,42
36,06	2,46
36,09	2,47
36,11	2,51
36,14	2,54
36,16	2,56
36,19	2,58
36,21	2,60
36,23	2,61
36,26	2,66
36,28	2,68
36,31	2,72
36,33	2,73
36,36	2,76
36,38	2,80
36,41	2,84
36,43	2,84
36,45	2,87
36,48	2,85
36,50	2,90
36,53	2,91
36,55	2,92
36,58	2,93
36,60	2,96
36,62	2,96
36,65	3,04
36,67	3,03
36,70	3,04
36,72	3,05
36,75	3,07
36,77	3,05
36,80	3,06
36,82	3,04
36,84	3,07
36,87	3,09
36,89	3,11
36,92	3,10
36,94	3,09
36,97	3,09
36,99	3,11
37,02	3,08
37,04	3,08
37,06	3,06
37,09	3,08
37,11	3,09
37,14	3,10
37,16	3,06
37,19	3,09
37,21	3,06
37,24	3,07
37,26	3,07
37,28	3,08
37,31	3,07
37,33	3,07
37,36	3,03
37,38	3,05
37,41	3,02
37,43	3,00
37,46	2,97
37,48	2,93
37,50	2,89
37,53	2,88
37,55	2,83
37,58	2,81
37,60	2,76
37,63	2,73
37,65	2,73
37,68	2,70
37,70	2,68
37,72	2,66
37,75	2,64
37,77	2,64
37,80	2,61
37,82	2,57
37,85	2,55
37,87	2,53
37,89	2,48
37,92	2,45
37,94	2,41
37,97	2,39
37,99	2,38
38,02	2,35
38,04	2,32
38,07	2,30
38,09	2,27
38,11	2,26
38,14	2,23
38,16	2,17
38,19	2,15
38,21	2,12
38,24	2,09
38,26	2,06
38,29	2,01
38,31	2,00
38,33	1,98
38,36	1,97
38,38	1,98
38,41	1,92
38,43	1,91
38,46	1,91
38,48	1,88
38,51	1,85
38,53	1,82
38,55	1,78
38,58	1,81
38,60	1,77
38,63	1,76
38,65	1,73
38,68	1,73
38,70	1,70
38,73	1,71
38,75	1,68
38,77	1,68
38,80	1,63
38,82	1,63
38,85	1,63
38,87	1,63
38,90	1,56
38,92	1,56
38,94	1,52
38,97	1,52
38,99	1,50
39,02	1,49
39,04	1,47
39,07	1,49
39,09	1,48
39,12	1,49
39,14	1,47
39,16	1,47
39,19	1,47
39,21	1,49
39,24	1,47
39,26	1,48
39,29	1,47
39,31	1,49
39,34	1,50
39,36	1,48
39,38	1,45
39,41	1,46
39,43	1,44
39,46	1,48
39,48	1,48
39,51	1,48
39,53	1,48
39,56	1,49
39,58	1,50
39,60	1,52
39,63	1,51
39,65	1,52
39,68	1,52
39,70	1,53
39,73	1,55
39,75	1,54
39,78	1,56
39,80	1,56
39,82	1,57
39,85	1,59
39,87	1,61
39,90	1,64
39,92	1,69
39,95	1,69
39,97	1,72
39,99	1,71
40,02	1,75
40,04	1,75
40,07	1,76
40,09	1,75
40,12	1,81
40,14	1,79
40,17	1,85
40,19	1,90
40,21	1,95
40,24	1,96
40,26	2,01
40,29	1,99
40,31	2,09
40,34	2,09
40,36	2,09
40,39	2,11
40,41	2,14
40,43	2,15
40,46	2,19
40,48	2,17
40,51	2,22
40,53	2,22
40,56	2,27
40,58	2,29
40,61	2,35
40,63	2,38
40,65	2,45
40,68	2,47
40,70	2,52
40,73	2,52
40,75	2,58
40,78	2,59
40,80	2,64
40,83	2,62
40,85	2,68
40,87	2,69
40,90	2,74
40,92	2,79
40,95	2,84
40,97	2,86
41,00	2,90
41,02	2,92
41,05	3,00
41,07	3,03
41,09	3,04
41,12	3,05
41,14	3,07
41,17	3,10
41,19	3,14
41,22	3,14
41,24	3,17
41,26	3,19
41,29	3,23
41,31	3,29
41,34	3,32
41,36	3,35
41,39	3,41
41,41	3,43
41,44	3,45
41,46	3,48
41,48	3,49
41,51	3,51
41,53	3,51
41,56	3,51
41,58	3,52
41,61	3,52
41,63	3,53
41,66	3,54
41,68	3,55
41,70	3,57
41,73	3,59
41,75	3,59
41,78	3,63
41,80	3,63
41,83	3,64
41,85	3,65
41,88	3,63
41,90	3,61
41,92	3,62
41,95	3,61
41,97	3,60
42,00	3,57
42,02	3,53
42,05	3,55
42,07	3,55
42,10	3,54
42,12	3,54
42,14	3,53
42,17	3,53
42,19	3,55
42,22	3,50
42,24	3,52
42,27	3,49
42,29	3,46
42,31	3,45
42,34	3,44
42,36	3,40
42,39	3,41
42,41	3,34
42,44	3,34
42,46	3,31
42,49	3,29
42,51	3,27
42,53	3,26
42,56	3,21
42,58	3,21
42,61	3,15
42,63	3,13
42,66	3,09
42,68	3,05
42,71	3,00
42,73	2,97
42,75	2,94
42,78	2,94
42,80	2,90
42,83	2,88
42,85	2,88
42,88	2,86
42,90	2,83
42,93	2,80
42,95	2,75
42,97	2,72
43,00	2,69
43,02	2,64
43,05	2,61
43,07	2,56
43,10	2,53
43,12	2,51
43,15	2,48
43,17	2,45
43,19	2,42
43,22	2,38
43,24	2,38
43,27	2,35
43,29	2,33
43,32	2,31
43,34	2,29
43,36	2,24
43,39	2,23
43,41	2,17
43,44	2,18
43,46	2,13
43,49	2,12
43,51	2,07
43,54	2,06
43,56	2,03
43,58	2,04
43,61	1,97
43,63	1,97
43,66	1,93
43,68	1,93
43,71	1,90
43,73	1,89
43,76	1,80
43,78	1,83
43,80	1,77
43,83	1,76
43,85	1,73
43,88	1,75
43,90	1,75
43,93	1,80
43,95	1,75
43,98	1,80
44,00	1,77
44,02	1,78
44,05	1,75
44,07	1,73
44,10	1,69
44,12	1,73
44,15	1,69
44,17	1,73
44,20	1,70
44,22	1,71
44,24	1,71
44,27	1,73
44,29	1,70
44,32	1,74
44,34	1,72
44,37	1,75
44,39	1,75
44,41	1,75
44,44	1,74
44,46	1,75
44,49	1,72
44,51	1,74
44,54	1,72
44,56	1,73
44,59	1,74
44,61	1,75
44,63	1,75
44,66	1,78
44,68	1,79
44,71	1,86
44,73	1,87
44,76	1,87
44,78	1,89
44,81	1,88
44,83	1,90
44,85	1,92
44,88	1,93
44,90	1,95
44,93	1,98
44,95	2,00
44,98	2,06
45,00	2,06
45,03	2,11
45,05	2,13
45,07	2,17
45,10	2,19
45,12	2,24
45,15	2,24
45,17	2,28
45,20	2,30
45,22	2,32
45,25	2,33
45,27	2,35
45,29	2,35
45,32	2,42
45,34	2,45
45,37	2,47
45,39	2,47
45,42	2,52
45,44	2,58
45,47	2,66
45,49	2,67
45,51	2,71
45,54	2,71
45,56	2,76
45,59	2,80
45,61	2,82
45,64	2,81
45,66	2,83
45,68	2,84
45,71	2,92
45,73	2,95
45,76	2,99
45,78	3,02
45,81	3,07
45,83	3,11
45,86	3,17
45,88	3,18
45,90	3,24
45,93	3,26
45,95	3,30
45,98	3,33
46,00	3,36
46,03	3,38
46,05	3,44
46,08	3,46
46,10	3,52
46,12	3,56
46,15	3,59
46,17	3,65
46,20	3,68
46,22	3,71
46,25	3,76
46,27	3,75
46,30	3,78
46,32	3,80
46,34	3,81
46,37	3,83
46,39	3,84
46,42	3,85
46,44	3,89
46,47	3,90
46,49	3,92
46,52	3,95
46,54	3,99
46,56	4,02
46,59	4,04
46,61	4,05
46,64	4,09
46,66	4,12
46,69	4,11
46,71	4,12
46,73	4,10
46,76	4,11
46,78	4,12
46,81	4,10
46,83	4,07
46,86	4,07
46,88	4,05
46,91	4,10
46,93	4,11
46,95	4,12
46,98	4,13
47,00	4,14
47,03	4,14
47,05	4,15
47,08	4,11
47,10	4,10
47,13	4,03
47,15	4,02
47,17	3,99
47,20	3,97
47,22	3,94
47,25	3,93
47,27	3,88
47,30	3,91
47,32	3,88
47,35	3,88
47,37	3,87
47,39	3,87
47,42	3,84
47,44	3,85
47,47	3,78
47,49	3,76
47,52	3,72
47,54	3,69
47,57	3,65
47,59	3,63
47,61	3,60
47,64	3,62
47,66	3,58
47,69	3,56
47,71	3,50
47,74	3,47
47,76	3,42
47,78	3,40
47,81	3,35
47,83	3,33
47,86	3,27
47,88	3,25
47,91	3,23
47,93	3,21
47,96	3,15
47,98	3,11
48,00	3,06
48,03	3,06
48,05	3,02
48,08	2,98
48,10	2,94
48,13	2,91
48,15	2,88
48,18	2,86
48,20	2,82
48,22	2,79
48,25	2,78
48,27	2,75
48,30	2,71
48,32	2,68
48,35	2,64
48,37	2,62
48,40	2,60
48,42	2,55
48,44	2,53
48,47	2,51
48,49	2,51
48,52	2,48
48,54	2,47
48,57	2,43
48,59	2,39
48,62	2,34
48,64	2,32
48,66	2,27
48,69	2,27
48,71	2,21
48,74	2,22
48,76	2,23
48,79	2,24
48,81	2,21
48,84	2,24
48,86	2,21
48,88	2,20
48,91	2,16
48,93	2,18
48,96	2,15
48,98	2,16
49,01	2,10
49,03	2,11
49,05	2,07
49,08	2,10
49,10	2,05
49,13	2,06
49,15	2,05
49,18	2,06
49,20	2,07
49,23	2,12
49,25	2,08
49,27	2,09
49,30	2,08
49,32	2,07
49,35	2,06
49,37	2,09
49,40	2,05
49,42	2,09
49,45	2,08
49,47	2,11
49,49	2,11
49,52	2,14
49,54	2,11
49,57	2,19
49,59	2,20
49,62	2,23
49,64	2,22
49,67	2,26
49,69	2,26
49,71	2,29
49,74	2,27
49,76	2,29
49,79	2,29
49,81	2,32
49,84	2,33
49,86	2,36
49,89	2,37
49,91	2,40
49,93	2,42
49,96	2,51
49,98	2,52
50,01	2,55
50,03	2,56
50,06	2,57
50,08	2,59
50,10	2,62
50,13	2,61
50,15	2,65
50,18	2,67
50,20	2,70
50,23	2,75
50,25	2,78
50,28	2,82
50,30	2,84
50,32	2,88
50,35	2,91
50,37	2,97
50,40	3,01
50,42	3,05
50,45	3,08
50,47	3,11
50,50	3,16
50,52	3,19
50,54	3,21
50,57	3,25
50,59	3,27
50,62	3,32
50,64	3,33
50,67	3,36
50,69	3,43
50,72	3,50
50,74	3,52
50,76	3,58
50,79	3,57
50,81	3,64
50,84	3,67
50,86	3,71
50,89	3,72
50,91	3,77
50,94	3,81
50,96	3,88
50,98	3,93
51,01	3,96
51,03	3,98
51,06	4,01
51,08	4,04
51,11	4,07
51,13	4,08
51,15	4,10
51,18	4,13
51,20	4,15
51,23	4,20
51,25	4,22
51,28	4,24
51,30	4,30
51,33	4,31
51,35	4,35
51,37	4,38
51,40	4,39
51,42	4,45
51,45	4,47
51,47	4,47
51,50	4,53
51,52	4,53
51,55	4,55
51,57	4,57
51,59	4,59
51,62	4,60
51,64	4,63
51,67	4,61
51,69	4,66
51,72	4,67
51,74	4,69
51,77	4,69
51,79	4,71
51,81	4,72
51,84	4,74
51,86	4,73
51,89	4,73
51,91	4,74
51,94	4,73
51,96	4,73
51,99	4,70
52,01	4,69
52,03	4,69
52,06	4,68
52,08	4,67
52,11	4,67
52,13	4,64
52,16	4,67
52,18	4,65
52,20	4,64
52,23	4,62
52,25	4,59
52,28	4,55
52,30	4,54
52,33	4,50
52,35	4,51
52,38	4,47
52,40	4,46
52,42	4,43
52,45	4,44
52,47	4,40
52,50	4,37
52,52	4,31
52,55	4,29
52,57	4,26
52,60	4,25
52,62	4,19
52,64	4,17
52,67	4,14
52,69	4,14
52,72	4,09
52,74	4,08
52,77	4,05
52,79	4,05
52,82	4,04
52,84	4,01
52,86	3,95
52,89	3,95
52,91	3,87
52,94	3,84
52,96	3,79
52,99	3,75
53,01	3,69
53,04	3,68
53,06	3,61
53,08	3,61
53,11	3,54
53,13	3,53
53,16	3,49
53,18	3,50
53,21	3,44
53,23	3,43
53,26	3,38
53,28	3,38
53,30	3,31
53,33	3,29
53,35	3,25
53,38	3,25
53,40	3,21
53,43	3,21
53,45	3,15
53,47	3,15
53,50	3,11
53,52	3,08
53,55	3,05
53,57	3,03
53,60	2,98
53,62	3,01
53,65	2,97
53,67	2,94
53,69	2,91
53,72	2,89
53,74	2,88
53,77	2,87
53,79	2,84
53,82	2,84
53,84	2,80
53,87	2,78
53,89	2,78
53,91	2,77
53,94	2,75
53,96	2,71
53,99	2,71
54,01	2,72
54,04	2,72
54,06	2,69
54,09	2,66
54,11	2,65
54,13	2,67
54,16	2,64
54,18	2,65
54,21	2,63
54,23	2,68
54,26	2,70
54,28	2,71
54,31	2,69
54,33	2,71
54,35	2,73
54,38	2,76
54,40	2,72
54,43	2,74
54,45	2,73
54,48	2,76
54,50	2,75
54,52	2,75
54,55	2,73
54,57	2,75
54,60	2,73
54,62	2,76
54,65	2,75
54,67	2,79
54,70	2,80
54,72	2,82
54,74	2,83
54,77	2,87
54,79	2,88
54,82	2,90
54,84	2,91
54,87	2,94
54,89	2,99
54,92	3,01
54,94	3,01
54,96	3,05
54,99	3,07
55,01	3,11
55,04	3,13
55,06	3,15
55,09	3,19
55,11	3,22
55,14	3,23
55,16	3,28
55,18	3,29
55,21	3,33
55,23	3,34
55,26	3,36
55,28	3,41
55,31	3,43
55,33	3,45
55,36	3,51
55,38	3,54
55,40	3,59
55,43	3,63
55,45	3,68
55,48	3,72
55,50	3,76
55,53	3,79
55,55	3,83
55,57	3,87
55,60	3,91
55,62	3,97
55,65	4,01
55,67	4,06
55,70	4,11
55,72	4,16
55,75	4,21
55,77	4,26
55,79	4,27
55,82	4,33
55,84	4,34
55,87	4,36
55,89	4,39
55,92	4,43
55,94	4,45
55,97	4,52
55,99	4,54
56,01	4,62
56,04	4,64
56,06	4,70
56,09	4,72
56,11	4,77
56,14	4,77
56,16	4,85
56,19	4,88
56,21	4,95
56,23	4,97
56,26	5,02
56,28	5,04
56,31	5,09
56,33	5,10
56,36	5,15
56,38	5,17
56,41	5,20
56,43	5,23
56,45	5,27
56,48	5,29
56,50	5,32
56,53	5,30
56,55	5,33
56,58	5,34
56,60	5,35
56,62	5,35
56,65	5,39
56,67	5,39
56,70	5,43
56,72	5,43
56,75	5,46
56,77	5,46
56,80	5,48
56,82	5,49
56,84	5,51
56,87	5,51
56,89	5,52
56,92	5,50
56,94	5,53
56,97	5,53
56,99	5,54
57,02	5,54
57,04	5,55
57,06	5,54
57,09	5,58
57,11	5,57
57,14	5,58
57,16	5,57
57,19	5,55
57,21	5,55
57,24	5,54
57,26	5,53
57,28	5,52
57,31	5,49
57,33	5,46
57,36	5,45
57,38	5,43
57,41	5,42
57,43	5,38
57,46	5,33
57,48	5,31
57,50	5,27
57,53	5,22
57,55	5,25
57,58	5,22
57,60	5,19
57,63	5,21
57,65	5,19
57,68	5,20
57,70	5,21
57,72	5,13
57,75	5,11
57,77	5,08
57,80	5,05
57,82	5,03
57,85	5,01
57,87	4,95
57,89	4,96
57,92	4,93
57,94	4,91
57,97	4,88
57,99	4,86
58,02	4,79
58,04	4,77
58,07	4,72
58,09	4,72
58,11	4,69
58,14	4,68
58,16	4,62
58,19	4,64
58,21	4,62
58,24	4,60
58,26	4,54
58,29	4,54
58,31	4,48
58,33	4,46
58,36	4,40
58,38	4,39
58,41	4,37
58,43	4,35
58,46	4,29
58,48	4,29
58,51	4,26
58,53	4,25
58,55	4,23
58,58	4,22
58,60	4,18
58,63	4,17
58,65	4,15
58,68	4,16
58,70	4,14
58,73	4,11
58,75	4,10
58,77	4,07
58,80	4,07
58,82	4,05
58,85	4,01
58,87	4,00
58,90	3,96
58,92	3,94
58,94	3,94
58,97	3,91
58,99	3,89
59,02	3,89
59,04	3,88
59,07	3,87
59,09	3,87
59,12	3,85
59,14	3,86
59,16	3,86
59,19	3,85
59,21	3,85
59,24	3,83
59,26	3,82
59,29	3,88
59,31	3,87
59,34	3,89
59,36	3,89
59,38	3,91
59,41	3,94
59,43	3,96
59,46	3,90
59,48	3,90
59,51	3,88
59,53	3,89
59,56	3,91
59,58	3,90
59,60	3,90
59,63	3,94
59,65	3,94
59,68	3,98
59,70	3,96
59,73	3,98
59,75	4,01
59,78	4,04
59,80	4,04
59,82	4,08
59,85	4,11
59,87	4,17
59,90	4,18
59,92	4,20
59,95	4,22
59,97	4,24
59,99	4,24
