Voltage U1	Corriente IA
U1/V	IA/nA

0,02	0,48
0,04	0,50
0,07	0,52
0,09	0,54
0,12	0,54
0,14	0,54
0,17	0,51
0,19	0,52
0,21	0,51
0,24	0,51
0,26	0,53
0,29	0,53
0,31	0,54
0,34	0,55
0,36	0,54
0,39	0,56
0,41	0,55
0,43	0,53
0,46	0,54
0,48	0,50
0,51	0,51
0,53	0,52
0,56	0,50
0,58	0,51
0,61	0,50
0,63	0,48
0,65	0,53
0,68	0,50
0,70	0,51
0,73	0,51
0,75	0,50
0,78	0,53
0,80	0,57
0,83	0,54
0,85	0,56
0,87	0,55
0,90	0,55
0,92	0,56
0,95	0,54
0,97	0,53
1,00	0,56
1,02	0,56
1,05	0,58
1,07	0,57
1,09	0,57
1,12	0,59
1,14	0,60
1,17	0,57
1,19	0,58
1,22	0,55
1,24	0,55
1,26	0,54
1,29	0,52
1,31	0,50
1,34	0,51
1,36	0,49
1,39	0,52
1,41	0,51
1,44	0,52
1,46	0,54
1,48	0,54
1,51	0,53
1,53	0,54
1,56	0,53
1,58	0,55
1,61	0,55
1,63	0,52
1,66	0,53
1,68	0,53
1,70	0,52
1,73	0,55
1,75	0,55
1,78	0,55
1,80	0,55
1,83	0,55
1,85	0,56
1,88	0,56
1,90	0,52
1,92	0,53
1,95	0,52
1,97	0,52
2,00	0,53
2,02	0,53
2,05	0,54
2,07	0,55
2,10	0,54
2,12	0,55
2,14	0,54
2,17	0,52
2,19	0,55
2,22	0,54
2,24	0,53
2,27	0,54
2,29	0,54
2,31	0,52
2,34	0,53
2,36	0,50
2,39	0,50
2,41	0,51
2,44	0,49
2,46	0,51
2,49	0,53
2,51	0,54
2,53	0,55
2,56	0,53
2,58	0,57
2,61	0,57
2,63	0,57
2,66	0,57
2,68	0,57
2,71	0,57
2,73	0,59
2,75	0,56
2,78	0,56
2,80	0,54
2,83	0,55
2,85	0,55
2,88	0,57
2,90	0,56
2,93	0,60
2,95	0,59
2,97	0,59
3,00	0,57
3,02	0,59
3,05	0,56
3,07	0,58
3,10	0,55
3,12	0,55
3,15	0,55
3,17	0,56
3,19	0,57
3,22	0,58
3,24	0,57
3,27	0,56
3,29	0,55
3,32	0,56
3,34	0,55
3,36	0,54
3,39	0,52
3,41	0,51
3,44	0,52
3,46	0,54
3,49	0,53
3,51	0,55
3,54	0,54
3,56	0,54
3,58	0,55
3,61	0,55
3,63	0,55
3,66	0,56
3,68	0,56
3,71	0,56
3,73	0,56
3,76	0,56
3,78	0,55
3,80	0,55
3,83	0,52
3,85	0,54
3,88	0,53
3,90	0,54
3,93	0,57
3,95	0,59
3,98	0,59
4,00	0,60
4,02	0,58
4,05	0,60
4,07	0,59
4,10	0,57
4,12	0,57
4,15	0,53
4,17	0,55
4,20	0,53
4,22	0,52
4,24	0,51
4,27	0,52
4,29	0,50
4,32	0,55
4,34	0,54
4,37	0,56
4,39	0,58
4,42	0,60
4,44	0,58
4,46	0,59
4,49	0,54
4,51	0,55
4,54	0,54
4,56	0,53
4,59	0,50
4,61	0,53
4,63	0,52
4,66	0,56
4,68	0,55
4,71	0,57
4,73	0,55
4,76	0,57
4,78	0,54
4,81	0,56
4,83	0,52
4,85	0,54
4,88	0,52
4,90	0,53
4,93	0,51
4,95	0,52
4,98	0,53
5,00	0,56
5,03	0,54
5,05	0,56
5,07	0,55
5,10	0,55
5,12	0,56
5,15	0,56
5,17	0,56
5,20	0,56
5,22	0,54
5,25	0,54
5,27	0,58
5,29	0,57
5,32	0,58
5,34	0,55
5,37	0,55
5,39	0,57
5,42	0,58
5,44	0,55
5,47	0,56
5,49	0,53
5,51	0,56
5,54	0,55
5,56	0,54
5,59	0,53
5,61	0,51
5,64	0,52
5,66	0,54
5,68	0,53
5,71	0,54
5,73	0,54
5,76	0,54
5,78	0,54
5,81	0,53
5,83	0,52
5,86	0,56
5,88	0,54
5,90	0,57
5,93	0,57
5,95	0,59
5,98	0,56
6,00	0,56
6,03	0,53
6,05	0,54
6,08	0,50
6,10	0,50
6,12	0,49
6,15	0,52
6,17	0,52
6,20	0,51
6,22	0,50
6,25	0,54
6,27	0,54
6,30	0,55
6,32	0,54
6,34	0,53
6,37	0,52
6,39	0,55
6,42	0,53
6,44	0,54
6,47	0,54
6,49	0,54
6,52	0,56
6,54	0,57
6,56	0,54
6,59	0,57
6,61	0,55
6,64	0,55
6,66	0,55
6,69	0,56
6,71	0,57
6,73	0,57
6,76	0,54
6,78	0,56
6,81	0,54
6,83	0,54
6,86	0,54
6,88	0,53
6,91	0,54
6,93	0,54
6,95	0,51
6,98	0,55
7,00	0,56
7,03	0,56
7,05	0,56
7,08	0,54
7,10	0,54
7,13	0,57
7,15	0,55
7,17	0,54
7,20	0,52
7,22	0,50
7,25	0,53
7,27	0,53
7,30	0,52
7,32	0,56
7,35	0,56
7,37	0,56
7,39	0,61
7,42	0,60
7,44	0,60
7,47	0,59
7,49	0,56
7,52	0,55
7,54	0,55
7,57	0,54
7,59	0,56
7,61	0,56
7,64	0,57
7,66	0,57
7,69	0,59
7,71	0,62
7,74	0,61
7,76	0,59
7,78	0,61
7,81	0,60
7,83	0,60
7,86	0,60
7,88	0,58
7,91	0,58
7,93	0,58
7,96	0,56
7,98	0,60
8,00	0,59
8,03	0,57
8,05	0,59
8,08	0,59
8,10	0,60
8,13	0,61
8,15	0,59
8,18	0,59
8,20	0,59
8,22	0,59
8,25	0,59
8,27	0,58
8,30	0,58
8,32	0,58
8,35	0,58
8,37	0,59
8,40	0,59
8,42	0,58
8,44	0,61
8,47	0,62
8,49	0,62
8,52	0,63
8,54	0,61
8,57	0,61
8,59	0,62
8,62	0,60
8,64	0,60
8,66	0,59
8,69	0,57
8,71	0,58
8,74	0,57
8,76	0,56
8,79	0,56
8,81	0,57
8,84	0,59
8,86	0,60
8,88	0,61
8,91	0,59
8,93	0,62
8,96	0,61
8,98	0,64
9,01	0,60
9,03	0,61
9,05	0,59
9,08	0,61
9,10	0,59
9,13	0,59
9,15	0,55
9,18	0,60
9,20	0,58
9,23	0,59
9,25	0,58
9,27	0,58
9,30	0,58
9,32	0,61
9,35	0,59
9,37	0,63
9,40	0,61
9,42	0,65
9,45	0,64
9,47	0,66
9,49	0,64
9,52	0,66
9,54	0,63
9,57	0,67
9,59	0,65
9,62	0,66
9,64	0,64
9,67	0,65
9,69	0,63
9,71	0,66
9,74	0,62
9,76	0,62
9,79	0,62
9,81	0,64
9,84	0,64
9,86	0,65
9,89	0,62
9,91	0,68
9,93	0,68
9,96	0,68
9,98	0,67
10,01	0,68
10,03	0,67
10,06	0,69
10,08	0,66
10,10	0,66
10,13	0,64
10,15	0,64
10,18	0,64
10,20	0,65
10,23	0,64
10,25	0,64
10,28	0,62
10,30	0,65
10,32	0,66
10,35	0,65
10,37	0,66
10,40	0,65
10,42	0,65
10,45	0,68
10,47	0,66
10,50	0,66
10,52	0,68
10,54	0,67
10,57	0,68
10,59	0,68
10,62	0,68
10,64	0,69
10,67	0,69
10,69	0,67
10,72	0,66
10,74	0,65
10,76	0,66
10,79	0,64
10,81	0,64
10,84	0,65
10,86	0,66
10,89	0,67
10,91	0,69
10,94	0,74
10,96	0,77
10,98	0,78
11,01	0,81
11,03	0,81
11,06	0,82
11,08	0,80
11,11	0,76
11,13	0,74
11,15	0,73
11,18	0,71
11,20	0,71
11,23	0,70
11,25	0,69
11,28	0,69
11,30	0,70
11,33	0,71
11,35	0,71
11,37	0,71
11,40	0,71
11,42	0,70
11,45	0,73
11,47	0,72
11,50	0,72
11,52	0,71
11,55	0,71
11,57	0,73
11,59	0,71
11,62	0,69
11,64	0,70
11,67	0,70
11,69	0,70
11,72	0,69
11,74	0,69
11,77	0,72
11,79	0,72
11,81	0,72
11,84	0,73
11,86	0,74
11,89	0,74
11,91	0,75
11,94	0,75
11,96	0,77
11,99	0,78
12,01	0,78
12,03	0,79
12,06	0,79
12,08	0,78
12,11	0,79
12,13	0,78
12,16	0,79
12,18	0,78
12,21	0,80
12,23	0,80
12,25	0,81
12,28	0,81
12,30	0,81
12,33	0,79
12,35	0,81
12,38	0,81
12,40	0,81
12,42	0,80
12,45	0,83
12,47	0,83
12,50	0,85
12,52	0,84
12,55	0,83
12,57	0,83
12,60	0,84
12,62	0,81
12,64	0,84
12,67	0,85
12,69	0,84
12,72	0,84
12,74	0,84
12,77	0,82
12,79	0,85
12,82	0,80
12,84	0,81
12,86	0,79
12,89	0,82
12,91	0,82
12,94	0,82
12,96	0,81
12,99	0,84
13,01	0,84
13,04	0,86
13,06	0,82
13,08	0,83
13,11	0,85
13,13	0,86
13,16	0,84
13,18	0,84
13,21	0,85
13,23	0,88
13,26	0,88
13,28	0,87
13,30	0,87
13,33	0,87
13,35	0,86
13,38	0,88
13,40	0,87
13,43	0,88
13,45	0,89
13,47	0,88
13,50	0,89
13,52	0,89
13,55	0,87
13,57	0,88
13,60	0,87
13,62	0,87
13,65	0,87
13,67	0,87
13,69	0,89
13,72	0,88
13,74	0,87
13,77	0,89
13,79	0,87
13,82	0,87
13,84	0,89
13,87	0,88
13,89	0,90
13,91	0,87
13,94	0,85
13,96	0,87
13,99	0,89
14,01	0,86
14,04	0,88
14,06	0,85
14,09	0,89
14,11	0,90
14,13	0,91
14,16	0,91
14,18	0,92
14,21	0,91
14,23	0,94
14,26	0,94
14,28	0,94
14,31	0,93
14,33	0,92
14,35	0,90
14,38	0,90
14,40	0,88
14,43	0,88
14,45	0,88
14,48	0,89
14,50	0,86
14,52	0,88
14,55	0,87
14,57	0,90
14,60	0,88
14,62	0,89
14,65	0,88
14,67	0,91
14,70	0,91
14,72	0,93
14,74	0,88
14,77	0,92
14,79	0,89
14,82	0,89
14,84	0,89
14,87	0,89
14,89	0,87
14,92	0,88
14,94	0,86
14,96	0,89
14,99	0,88
15,01	0,87
15,04	0,86
15,06	0,85
15,09	0,85
15,11	0,87
15,14	0,85
15,16	0,85
15,18	0,85
15,21	0,85
15,23	0,86
15,26	0,87
15,28	0,86
15,31	0,88
15,33	0,87
15,36	0,87
15,38	0,88
15,40	0,88
15,43	0,89
15,45	0,88
15,48	0,86
15,50	0,88
15,53	0,89
15,55	0,88
15,57	0,90
15,60	0,85
15,62	0,86
15,65	0,86
15,67	0,84
15,70	0,84
15,72	0,84
15,75	0,83
15,77	0,87
15,79	0,86
15,82	0,86
15,84	0,87
15,87	0,86
15,89	0,86
15,92	0,87
15,94	0,85
15,97	0,88
15,99	0,90
16,01	0,91
16,04	0,94
16,06	0,96
16,09	0,95
16,11	0,98
16,14	0,96
16,16	0,97
16,19	0,96
16,21	0,96
16,23	0,94
16,26	0,95
16,28	0,93
16,31	0,98
16,33	0,97
16,36	0,99
16,38	0,99
16,41	1,00
16,43	1,02
16,45	1,02
16,48	0,98
16,50	0,97
16,53	0,95
16,55	0,96
16,58	0,96
16,60	0,95
16,63	0,97
16,65	0,99
16,67	0,99
16,70	1,01
16,72	1,00
16,75	1,01
16,77	1,02
16,80	1,03
16,82	1,03
16,84	1,05
16,87	1,04
16,89	1,05
16,92	1,08
16,94	1,06
16,97	1,07
16,99	1,07
17,02	1,08
17,04	1,11
17,06	1,12
17,09	1,12
17,11	1,14
17,14	1,14
17,16	1,17
17,19	1,17
17,21	1,16
17,24	1,16
17,26	1,15
17,28	1,13
17,31	1,15
17,33	1,14
17,36	1,16
17,38	1,15
17,41	1,18
17,43	1,19
17,46	1,22
17,48	1,20
17,50	1,23
17,53	1,22
17,55	1,24
17,58	1,23
17,60	1,24
17,63	1,24
17,65	1,26
17,68	1,24
17,70	1,26
17,72	1,25
17,75	1,26
17,77	1,26
17,80	1,28
17,82	1,27
17,85	1,28
17,87	1,26
17,89	1,29
17,92	1,29
17,94	1,27
17,97	1,28
17,99	1,28
18,02	1,25
18,04	1,26
18,07	1,23
18,09	1,23
18,11	1,23
18,14	1,24
18,16	1,24
18,19	1,28
18,21	1,27
18,24	1,30
18,26	1,28
18,29	1,30
18,31	1,29
18,33	1,29
18,36	1,27
18,38	1,28
18,41	1,25
18,43	1,27
18,46	1,24
18,48	1,24
18,51	1,24
18,53	1,23
18,55	1,22
18,58	1,22
18,60	1,25
18,63	1,29
18,65	1,29
18,68	1,29
18,70	1,29
18,73	1,26
18,75	1,25
18,77	1,21
18,80	1,19
18,82	1,20
18,85	1,18
18,87	1,17
18,90	1,20
18,92	1,20
18,94	1,19
18,97	1,19
18,99	1,18
19,02	1,17
19,04	1,19
19,07	1,17
19,09	1,18
19,12	1,17
19,14	1,17
19,16	1,15
19,19	1,14
19,21	1,11
19,24	1,12
19,26	1,10
19,29	1,10
19,31	1,08
19,34	1,10
19,36	1,13
19,38	1,14
19,41	1,12
19,43	1,15
19,46	1,13
19,48	1,12
19,51	1,10
19,53	1,08
19,56	1,08
19,58	1,08
19,60	1,04
19,63	1,08
19,65	1,07
19,68	1,08
19,70	1,08
19,73	1,08
19,75	1,10
19,78	1,10
19,80	1,07
19,82	1,08
19,85	1,06
19,87	1,05
19,90	1,04
19,92	1,02
19,95	1,00
19,97	1,01
19,99	1,00
20,02	1,01
20,04	1,00
20,07	1,00
20,09	1,04
20,12	1,05
20,14	1,06
20,17	1,05
20,19	1,03
20,21	1,03
20,24	1,02
20,26	1,01
20,29	1,00
20,31	0,99
20,34	0,98
20,36	1,02
20,39	1,02
20,41	1,03
20,43	1,04
20,46	1,05
20,48	1,06
20,51	1,05
20,53	1,04
20,56	1,06
20,58	1,07
20,61	1,06
20,63	1,07
20,65	1,04
20,68	1,05
20,70	1,09
20,73	1,06
20,75	1,06
20,78	1,06
20,80	1,05
20,83	1,11
20,85	1,12
20,87	1,10
20,90	1,10
20,92	1,10
20,95	1,09
20,97	1,11
21,00	1,09
21,02	1,10
21,05	1,10
21,07	1,13
21,09	1,15
21,12	1,17
21,14	1,15
21,17	1,18
21,19	1,17
21,22	1,20
21,24	1,20
21,26	1,23
21,29	1,25
21,31	1,26
21,34	1,27
21,36	1,30
21,39	1,28
21,41	1,31
21,44	1,30
21,46	1,32
21,48	1,33
21,51	1,34
21,53	1,33
21,56	1,40
21,58	1,41
21,61	1,43
21,63	1,44
21,66	1,46
21,68	1,46
21,70	1,49
21,73	1,49
21,75	1,50
21,78	1,49
21,80	1,50
21,83	1,54
21,85	1,56
21,88	1,56
21,90	1,56
21,92	1,56
21,95	1,58
21,97	1,61
22,00	1,60
22,02	1,62
22,05	1,63
22,07	1,65
22,10	1,66
22,12	1,66
22,14	1,67
22,17	1,67
22,19	1,67
22,22	1,69
22,24	1,67
22,27	1,71
22,29	1,74
22,31	1,74
22,34	1,74
22,36	1,75
22,39	1,71
22,41	1,72
22,44	1,71
22,46	1,70
22,49	1,71
22,51	1,71
22,53	1,70
22,56	1,74
22,58	1,75
22,61	1,78
22,63	1,77
22,66	1,76
22,68	1,76
22,71	1,79
22,73	1,79
22,75	1,81
22,78	1,79
22,80	1,79
22,83	1,80
22,85	1,81
22,88	1,80
22,90	1,80
22,93	1,77
22,95	1,78
22,97	1,78
23,00	1,78
23,02	1,77
23,05	1,76
23,07	1,74
23,10	1,75
23,12	1,73
23,15	1,72
23,17	1,71
23,19	1,71
23,22	1,70
23,24	1,68
23,27	1,66
23,29	1,67
23,32	1,65
23,34	1,65
23,36	1,64
23,39	1,64
23,41	1,63
23,44	1,63
23,46	1,60
23,49	1,60
23,51	1,59
23,54	1,58
23,56	1,57
23,58	1,55
23,61	1,53
23,63	1,53
23,66	1,51
23,68	1,51
23,71	1,49
23,73	1,47
23,76	1,49
23,78	1,48
23,80	1,46
23,83	1,45
23,85	1,42
23,88	1,40
23,90	1,40
23,93	1,39
23,95	1,39
23,98	1,36
24,00	1,34
24,02	1,37
24,05	1,38
24,07	1,36
24,10	1,34
24,12	1,32
24,15	1,33
24,17	1,33
24,20	1,31
24,22	1,29
24,24	1,29
24,27	1,30
24,29	1,31
24,32	1,29
24,34	1,28
24,37	1,27
24,39	1,29
24,42	1,29
24,44	1,27
24,46	1,24
24,49	1,26
24,51	1,26
24,54	1,27
24,56	1,25
24,59	1,25
24,61	1,23
24,63	1,23
24,66	1,22
24,68	1,23
24,71	1,18
24,73	1,19
24,76	1,17
24,78	1,18
24,81	1,17
24,83	1,18
24,85	1,15
24,88	1,18
24,90	1,17
24,93	1,17
24,95	1,17
24,98	1,17
25,00	1,16
25,03	1,19
25,05	1,19
25,07	1,18
25,10	1,19
25,12	1,19
25,15	1,20
25,17	1,21
25,20	1,21
25,22	1,23
25,25	1,24
25,27	1,25
25,29	1,26
25,32	1,25
25,34	1,26
25,37	1,26
25,39	1,27
25,42	1,28
25,44	1,25
25,47	1,27
25,49	1,31
25,51	1,31
25,54	1,32
25,56	1,31
25,59	1,32
25,61	1,38
25,64	1,39
25,66	1,37
25,68	1,41
25,71	1,39
25,73	1,43
25,76	1,46
25,78	1,47
25,81	1,49
25,83	1,52
25,86	1,53
25,88	1,58
25,90	1,58
25,93	1,59
25,95	1,58
25,98	1,59
26,00	1,59
26,03	1,61
26,05	1,62
26,08	1,65
26,10	1,67
26,12	1,70
26,15	1,70
26,17	1,72
26,20	1,73
26,22	1,77
26,25	1,78
26,27	1,80
26,30	1,81
26,32	1,86
26,34	1,89
26,37	1,94
26,39	1,94
26,42	1,98
26,44	2,00
26,47	2,05
26,49	2,07
26,52	2,10
26,54	2,09
26,56	2,12
26,59	2,13
26,61	2,17
26,64	2,17
26,66	2,18
26,69	2,20
26,71	2,22
26,73	2,24
26,76	2,28
26,78	2,28
26,81	2,30
26,83	2,30
26,86	2,31
26,88	2,34
26,91	2,33
26,93	2,33
26,95	2,35
26,98	2,37
27,00	2,40
27,03	2,43
27,05	2,45
27,08	2,47
27,10	2,47
27,13	2,46
27,15	2,47
27,17	2,48
27,20	2,49
27,22	2,50
27,25	2,51
27,27	2,53
27,30	2,55
27,32	2,55
27,35	2,54
27,37	2,55
27,39	2,52
27,42	2,53
27,44	2,50
27,47	2,50
27,49	2,48
27,52	2,47
27,54	2,45
27,57	2,46
27,59	2,43
27,61	2,45
27,64	2,42
27,66	2,44
27,69	2,45
27,71	2,45
27,74	2,42
27,76	2,43
27,78	2,39
27,81	2,41
27,83	2,38
27,86	2,36
27,88	2,33
27,91	2,33
27,93	2,28
27,96	2,33
27,98	2,28
28,00	2,28
28,03	2,26
28,05	2,25
28,08	2,24
28,10	2,24
28,13	2,18
28,15	2,18
28,18	2,14
28,20	2,12
28,22	2,09
28,25	2,08
28,27	2,04
28,30	2,02
28,32	2,00
28,35	1,98
28,37	1,96
28,40	1,95
28,42	1,93
28,44	1,92
28,47	1,91
28,49	1,90
28,52	1,88
28,54	1,84
28,57	1,82
28,59	1,78
28,62	1,76
28,64	1,74
28,66	1,70
28,69	1,69
28,71	1,70
28,74	1,70
28,76	1,70
28,79	1,67
28,81	1,67
28,84	1,64
28,86	1,62
28,88	1,60
28,91	1,56
28,93	1,53
28,96	1,53
28,98	1,49
29,01	1,51
29,03	1,48
29,05	1,48
29,08	1,48
29,10	1,47
29,13	1,44
29,15	1,49
29,18	1,46
29,20	1,46
29,23	1,44
29,25	1,44
29,27	1,42
29,30	1,43
29,32	1,37
29,35	1,40
29,37	1,38
29,40	1,38
29,42	1,39
29,45	1,40
29,47	1,40
29,49	1,42
29,52	1,39
29,54	1,43
29,57	1,40
29,59	1,40
29,62	1,39
29,64	1,38
29,67	1,36
29,69	1,37
29,71	1,34
29,74	1,36
29,76	1,35
29,79	1,35
29,81	1,36
29,84	1,37
29,86	1,37
29,89	1,40
29,91	1,39
29,93	1,39
29,96	1,39
29,98	1,41
30,01	1,43
30,03	1,44
30,06	1,42
30,08	1,44
30,10	1,45
30,13	1,47
30,15	1,49
30,18	1,50
30,20	1,50
30,23	1,53
30,25	1,55
30,28	1,59
30,30	1,61
30,32	1,60
30,35	1,62
30,37	1,62
30,40	1,65
30,42	1,66
30,45	1,67
30,47	1,68
30,50	1,72
30,52	1,70
30,54	1,75
30,57	1,76
30,59	1,77
30,62	1,81
30,64	1,85
30,67	1,87
30,69	1,93
30,72	1,95
30,74	1,99
30,76	2,03
30,79	2,05
30,81	2,07
30,84	2,10
30,86	2,11
30,89	2,17
30,91	2,18
30,94	2,22
30,96	2,25
30,98	2,29
31,01	2,31
31,03	2,35
31,06	2,33
31,08	2,36
31,11	2,36
31,13	2,39
31,15	2,43
31,18	2,47
31,20	2,50
31,23	2,57
31,25	2,58
31,28	2,65
31,30	2,65
31,33	2,67
31,35	2,72
31,37	2,76
31,40	2,80
31,42	2,85
31,45	2,87
31,47	2,93
31,50	2,95
31,52	2,96
31,55	2,99
31,57	3,01
31,59	3,02
31,62	3,05
31,64	3,06
31,67	3,09
31,69	3,10
31,72	3,11
31,74	3,14
31,77	3,16
31,79	3,18
31,81	3,21
31,84	3,20
31,86	3,23
31,89	3,24
31,91	3,23
31,94	3,24
31,96	3,24
31,99	3,24
32,01	3,26
32,03	3,26
32,06	3,27
32,08	3,30
32,11	3,30
32,13	3,30
32,16	3,31
32,18	3,31
32,20	3,32
32,23	3,30
32,25	3,27
32,28	3,29
32,30	3,26
32,33	3,25
32,35	3,24
32,38	3,22
32,40	3,22
32,42	3,23
32,45	3,20
32,47	3,25
32,50	3,23
32,52	3,20
32,55	3,19
32,57	3,15
32,60	3,10
32,62	3,06
32,64	3,00
32,67	2,99
32,69	2,97
32,72	2,95
32,74	2,93
32,77	2,93
32,79	2,90
32,82	2,92
32,84	2,90
32,86	2,88
32,89	2,85
32,91	2,84
32,94	2,80
32,96	2,79
32,99	2,71
33,01	2,70
33,04	2,64
33,06	2,62
33,08	2,57
33,11	2,54
33,13	2,50
33,16	2,48
33,18	2,41
33,21	2,43
33,23	2,39
33,26	2,37
33,28	2,33
33,30	2,28
33,33	2,25
33,35	2,23
33,38	2,17
33,40	2,14
33,43	2,09
33,45	2,07
33,47	2,08
33,50	2,05
33,52	2,03
33,55	2,05
33,57	2,05
33,60	2,04
33,62	2,02
33,65	1,98
33,67	1,98
33,69	1,96
33,72	1,89
33,74	1,87
33,77	1,85
33,79	1,82
33,82	1,82
33,84	1,79
33,87	1,78
33,89	1,78
33,91	1,78
33,94	1,78
33,96	1,77
33,99	1,73
34,01	1,70
34,04	1,65
34,06	1,63
34,09	1,58
34,11	1,57
34,13	1,56
34,16	1,58
34,18	1,58
34,21	1,62
34,23	1,61
34,26	1,64
34,28	1,63
34,31	1,62
34,33	1,62
34,35	1,62
34,38	1,60
34,40	1,63
34,43	1,60
34,45	1,61
34,48	1,59
34,50	1,58
34,52	1,56
34,55	1,58
34,57	1,55
34,60	1,57
34,62	1,54
34,65	1,56
34,67	1,59
34,70	1,61
34,72	1,59
34,74	1,62
34,77	1,61
34,79	1,63
34,82	1,64
34,84	1,64
34,87	1,66
34,89	1,68
34,92	1,69
34,94	1,74
34,96	1,74
34,99	1,76
35,01	1,79
35,04	1,81
35,06	1,84
35,09	1,86
35,11	1,86
35,14	1,90
35,16	1,93
35,18	1,94
35,21	1,98
35,23	1,97
35,26	1,99
35,28	2,02
35,31	2,04
35,33	2,07
35,36	2,09
35,38	2,10
35,40	2,19
35,43	2,22
35,45	2,27
35,48	2,30
35,50	2,34
35,53	2,36
35,55	2,40
35,57	2,42
35,60	2,45
35,62	2,44
35,65	2,47
35,67	2,52
35,70	2,57
35,72	2,61
35,75	2,67
35,77	2,70
35,79	2,77
35,82	2,81
35,84	2,84
35,87	2,88
35,89	2,91
35,92	2,93
35,94	3,01
35,97	3,01
35,99	3,04
36,01	3,07
36,04	3,11
36,06	3,16
36,09	3,20
36,11	3,20
36,14	3,30
36,16	3,34
36,19	3,38
36,21	3,40
36,23	3,42
36,26	3,45
36,28	3,52
36,31	3,53
36,33	3,59
36,36	3,59
36,38	3,64
36,41	3,69
36,43	3,72
36,45	3,74
36,48	3,80
36,50	3,81
36,53	3,88
36,55	3,92
36,58	3,93
36,60	3,95
36,62	3,97
36,65	3,97
36,67	4,00
36,70	3,99
36,72	4,01
36,75	4,03
36,77	4,04
36,80	4,06
36,82	4,08
36,84	4,08
36,87	4,12
36,89	4,12
36,92	4,12
36,94	4,13
36,97	4,13
36,99	4,13
37,02	4,13
37,04	4,12
37,06	4,11
37,09	4,10
37,11	4,09
37,14	4,10
37,16	4,08
37,19	4,04
37,21	4,02
37,24	4,00
37,26	4,01
37,28	3,99
37,31	3,96
37,33	3,95
37,36	3,94
37,38	3,94
37,41	3,93
37,43	3,88
37,46	3,86
37,48	3,82
37,50	3,77
37,53	3,76
37,55	3,71
37,58	3,67
37,60	3,66
37,63	3,61
37,65	3,58
37,68	3,57
37,70	3,51
37,72	3,48
37,75	3,44
37,77	3,41
37,80	3,39
37,82	3,34
37,85	3,29
37,87	3,28
37,89	3,23
37,92	3,20
37,94	3,14
37,97	3,10
37,99	3,08
38,02	3,04
38,04	2,97
38,07	2,95
38,09	2,90
38,11	2,87
38,14	2,84
38,16	2,79
38,19	2,76
38,21	2,75
38,24	2,68
38,26	2,66
38,29	2,61
38,31	2,56
38,33	2,53
38,36	2,50
38,38	2,45
38,41	2,44
38,43	2,39
38,46	2,37
38,48	2,34
38,51	2,31
38,53	2,29
38,55	2,23
38,58	2,23
38,60	2,22
38,63	2,19
38,65	2,16
38,68	2,14
38,70	2,10
38,73	2,11
38,75	2,06
38,77	2,02
38,80	2,00
38,82	1,99
38,85	1,98
38,87	1,99
38,90	1,95
38,92	1,94
38,94	1,92
38,97	1,91
38,99	1,90
39,02	1,89
39,04	1,83
39,07	1,84
39,09	1,80
39,12	1,80
39,14	1,79
39,16	1,79
39,19	1,77
39,21	1,79
39,24	1,78
39,26	1,81
39,29	1,76
39,31	1,79
39,34	1,80
39,36	1,83
39,38	1,83
39,41	1,85
39,43	1,86
39,46	1,93
39,48	1,91
39,51	1,91
39,53	1,89
39,56	1,91
39,58	1,90
39,60	1,93
39,63	1,92
39,65	1,95
39,68	1,96
39,70	1,99
39,73	2,00
39,75	2,05
39,78	2,04
39,80	2,07
39,82	2,06
39,85	2,09
39,87	2,09
39,90	2,11
39,92	2,12
39,95	2,14
39,97	2,15
39,99	2,21
40,02	2,22
40,04	2,26
40,07	2,30
40,09	2,33
40,12	2,36
40,14	2,39
40,17	2,40
40,19	2,44
40,21	2,48
40,24	2,50
40,26	2,53
40,29	2,56
40,31	2,59
40,34	2,67
40,36	2,71
40,39	2,75
40,41	2,80
40,43	2,83
40,46	2,89
40,48	2,93
40,51	2,95
40,53	3,00
40,56	3,03
40,58	3,05
40,61	3,11
40,63	3,11
40,65	3,17
40,68	3,20
40,70	3,24
40,73	3,30
40,75	3,38
40,78	3,39
40,80	3,50
40,83	3,53
40,85	3,57
40,87	3,64
40,90	3,68
40,92	3,70
40,95	3,77
40,97	3,80
41,00	3,88
41,02	3,93
41,05	3,97
41,07	4,03
41,09	4,09
41,12	4,14
41,14	4,20
41,17	4,20
41,19	4,26
41,22	4,29
41,24	4,32
41,26	4,35
41,29	4,38
41,31	4,41
41,34	4,46
41,36	4,50
41,39	4,54
41,41	4,57
41,44	4,63
41,46	4,67
41,48	4,70
41,51	4,72
41,53	4,76
41,56	4,77
41,58	4,81
41,61	4,82
41,63	4,85
41,66	4,86
41,68	4,90
41,70	4,90
41,73	4,91
41,75	4,91
41,78	4,93
41,80	4,96
41,83	4,98
41,85	4,98
41,88	4,99
41,90	4,99
41,92	5,01
41,95	5,00
41,97	4,96
42,00	4,95
42,02	4,92
42,05	4,89
42,07	4,88
42,10	4,85
42,12	4,84
42,14	4,83
42,17	4,81
42,19	4,83
42,22	4,83
42,24	4,82
42,27	4,81
42,29	4,77
42,31	4,72
42,34	4,68
42,36	4,63
42,39	4,60
42,41	4,54
42,44	4,48
42,46	4,43
42,49	4,42
42,51	4,39
42,53	4,37
42,56	4,32
42,58	4,30
42,61	4,26
42,63	4,23
42,66	4,18
42,68	4,13
42,71	4,04
42,73	4,01
42,75	3,93
42,78	3,89
42,80	3,85
42,83	3,80
42,85	3,76
42,88	3,72
42,90	3,65
42,93	3,64
42,95	3,59
42,97	3,56
43,00	3,52
43,02	3,48
43,05	3,42
43,07	3,39
43,10	3,31
43,12	3,29
43,15	3,21
43,17	3,16
43,19	3,11
43,22	3,08
43,24	3,02
43,27	3,01
43,29	2,96
43,32	2,95
43,34	2,91
43,36	2,89
43,39	2,85
43,41	2,82
43,44	2,76
43,46	2,74
43,49	2,67
43,51	2,64
43,54	2,59
43,56	2,58
43,58	2,56
43,61	2,52
43,63	2,49
43,66	2,48
43,68	2,46
43,71	2,44
43,73	2,43
43,76	2,39
43,78	2,39
43,80	2,36
43,83	2,33
43,85	2,30
43,88	2,28
43,90	2,24
43,93	2,25
43,95	2,21
43,98	2,20
44,00	2,22
44,02	2,21
44,05	2,21
44,07	2,19
44,10	2,17
44,12	2,20
44,15	2,17
44,17	2,15
44,20	2,16
44,22	2,15
44,24	2,17
44,27	2,19
44,29	2,19
44,32	2,23
44,34	2,23
44,37	2,25
44,39	2,24
44,41	2,22
44,44	2,21
44,46	2,24
44,49	2,20
44,51	2,23
44,54	2,25
44,56	2,28
44,59	2,30
44,61	2,36
44,63	2,34
44,66	2,40
44,68	2,39
44,71	2,40
44,73	2,40
44,76	2,43
44,78	2,43
44,81	2,47
44,83	2,48
44,85	2,56
44,88	2,58
44,90	2,65
44,93	2,68
44,95	2,69
44,98	2,72
45,00	2,75
45,03	2,74
45,05	2,80
45,07	2,81
45,10	2,85
45,12	2,91
45,15	2,97
45,17	3,01
45,20	3,09
45,22	3,12
45,25	3,19
45,27	3,24
45,29	3,29
45,32	3,32
45,34	3,36
45,37	3,37
45,39	3,41
45,42	3,43
45,44	3,48
45,47	3,52
45,49	3,58
45,51	3,65
45,54	3,70
45,56	3,76
45,59	3,85
45,61	3,90
45,64	3,95
45,66	4,00
45,68	4,02
45,71	4,07
45,73	4,12
45,76	4,15
45,78	4,20
45,81	4,26
45,83	4,30
45,86	4,41
45,88	4,46
45,90	4,52
45,93	4,60
45,95	4,64
45,98	4,68
46,00	4,73
46,03	4,76
46,05	4,80
46,08	4,84
46,10	4,85
46,12	4,90
46,15	4,95
46,17	4,99
46,20	5,04
46,22	5,08
46,25	5,13
46,27	5,18
46,30	5,24
46,32	5,31
46,34	5,37
46,37	5,40
46,39	5,45
46,42	5,46
46,44	5,51
46,47	5,52
46,49	5,53
46,52	5,53
46,54	5,56
46,56	5,59
46,59	5,67
46,61	5,67
46,64	5,71
46,66	5,76
46,69	5,81
46,71	5,82
46,73	5,83
46,76	5,80
46,78	5,81
46,81	5,80
46,83	5,79
46,86	5,80
46,88	5,79
46,91	5,79
46,93	5,81
46,95	5,80
46,98	5,81
47,00	5,80
47,03	5,77
47,05	5,79
47,08	5,77
47,10	5,75
47,13	5,74
47,15	5,68
47,17	5,68
47,20	5,65
47,22	5,60
47,25	5,57
47,27	5,53
47,30	5,49
47,32	5,48
47,35	5,43
47,37	5,40
47,39	5,39
47,42	5,35
47,44	5,33
47,47	5,29
47,49	5,24
47,52	5,20
47,54	5,16
47,57	5,09
47,59	5,04
47,61	4,97
47,64	4,94
47,66	4,88
47,69	4,84
47,71	4,78
47,74	4,74
47,76	4,69
47,78	4,69
47,81	4,60
47,83	4,57
47,86	4,55
47,88	4,48
47,91	4,40
47,93	4,34
47,96	4,24
47,98	4,22
48,00	4,16
48,03	4,09
48,05	4,05
48,08	4,01
48,10	3,95
48,13	3,95
48,15	3,90
48,18	3,86
48,20	3,81
48,22	3,77
48,25	3,70
48,27	3,68
48,30	3,59
48,32	3,55
48,35	3,47
48,37	3,45
48,40	3,41
48,42	3,39
48,44	3,34
48,47	3,33
48,49	3,28
48,52	3,32
48,54	3,26
48,57	3,23
48,59	3,17
48,62	3,13
48,64	3,10
48,66	3,08
48,69	3,00
48,71	2,99
48,74	2,94
48,76	2,93
48,79	2,93
48,81	2,92
48,84	2,89
48,86	2,88
48,88	2,85
48,91	2,86
48,93	2,85
48,96	2,83
48,98	2,84
49,01	2,83
49,03	2,82
49,05	2,82
49,08	2,79
49,10	2,80
49,13	2,79
49,15	2,76
49,18	2,76
49,20	2,76
49,23	2,75
49,25	2,78
49,27	2,79
49,30	2,79
49,32	2,79
49,35	2,79
49,37	2,81
49,40	2,82
49,42	2,81
49,45	2,83
49,47	2,84
49,49	2,85
49,52	2,88
49,54	2,88
49,57	2,90
49,59	2,91
49,62	2,92
49,64	2,96
49,67	2,99
49,69	3,01
49,71	3,06
49,74	3,09
49,76	3,13
49,79	3,18
49,81	3,18
49,84	3,21
49,86	3,26
49,89	3,27
49,91	3,30
49,93	3,34
49,96	3,38
49,98	3,41
50,01	3,46
50,03	3,51
50,06	3,56
50,08	3,61
50,10	3,66
50,13	3,68
50,15	3,74
50,18	3,78
50,20	3,78
50,23	3,82
50,25	3,86
50,28	3,89
50,30	3,96
50,32	4,01
50,35	4,07
50,37	4,14
50,40	4,21
50,42	4,25
50,45	4,34
50,47	4,38
50,50	4,43
50,52	4,48
50,54	4,55
50,57	4,58
50,59	4,66
50,62	4,68
50,64	4,76
50,67	4,80
50,69	4,86
50,72	4,92
50,74	4,98
50,76	5,03
50,79	5,11
50,81	5,16
50,84	5,26
50,86	5,31
50,89	5,36
50,91	5,43
50,94	5,48
50,96	5,52
50,98	5,59
51,01	5,63
51,03	5,69
51,06	5,73
51,08	5,78
51,11	5,85
51,13	5,92
51,15	5,96
51,18	6,04
51,20	6,10
51,23	6,15
51,25	6,21
51,28	6,24
51,30	6,27
51,33	6,32
51,35	6,34
51,37	6,39
51,40	6,44
51,42	6,50
51,45	6,54
51,47	6,58
51,50	6,62
51,52	6,63
51,55	6,64
51,57	6,68
51,59	6,68
51,62	6,68
51,64	6,70
51,67	6,69
51,69	6,74
51,72	6,78
51,74	6,79
51,77	6,79
51,79	6,83
51,81	6,83
51,84	6,87
51,86	6,83
51,89	6,84
51,91	6,84
51,94	6,84
51,96	6,82
51,99	6,83
52,01	6,80
52,03	6,83
52,06	6,80
52,08	6,77
52,11	6,77
52,13	6,76
52,16	6,71
52,18	6,71
52,20	6,65
52,23	6,64
52,25	6,60
52,28	6,55
52,30	6,53
52,33	6,52
52,35	6,45
52,38	6,44
52,40	6,38
52,42	6,36
52,45	6,33
52,47	6,27
52,50	6,22
52,52	6,18
52,55	6,13
52,57	6,12
52,60	6,06
52,62	6,00
52,64	5,97
52,67	5,94
52,69	5,88
52,72	5,83
52,74	5,77
52,77	5,73
52,79	5,69
52,82	5,62
52,84	5,57
52,86	5,52
52,89	5,47
52,91	5,41
52,94	5,35
52,96	5,30
52,99	5,25
53,01	5,18
53,04	5,18
53,06	5,13
53,08	5,09
53,11	5,05
53,13	4,98
53,16	4,93
53,18	4,89
53,21	4,80
53,23	4,75
53,26	4,68
53,28	4,66
53,30	4,65
53,33	4,60
53,35	4,57
53,38	4,53
53,40	4,48
53,43	4,46
53,45	4,39
53,47	4,34
53,50	4,30
53,52	4,26
53,55	4,19
53,57	4,19
53,60	4,12
53,62	4,09
53,65	4,04
53,67	4,00
53,69	3,99
53,72	3,99
53,74	3,94
53,77	3,96
53,79	3,92
53,82	3,92
53,84	3,90
53,87	3,84
53,89	3,81
53,91	3,81
53,94	3,76
53,96	3,76
53,99	3,73
54,01	3,72
54,04	3,73
54,06	3,73
54,09	3,71
54,11	3,72
54,13	3,70
54,16	3,71
54,18	3,70
54,21	3,70
54,23	3,70
54,26	3,72
54,28	3,71
54,31	3,75
54,33	3,72
54,35	3,75
54,38	3,76
54,40	3,77
54,43	3,77
54,45	3,78
54,48	3,77
54,50	3,83
54,52	3,83
54,55	3,83
54,57	3,84
54,60	3,88
54,62	3,91
54,65	3,93
54,67	3,95
54,70	3,98
54,72	3,99
54,74	4,01
54,77	4,05
54,79	4,07
54,82	4,11
54,84	4,13
54,87	4,16
54,89	4,22
54,92	4,28
54,94	4,30
54,96	4,36
54,99	4,40
55,01	4,45
55,04	4,51
55,06	4,53
55,09	4,56
55,11	4,60
55,14	4,64
55,16	4,70
55,18	4,73
55,21	4,77
55,23	4,86
55,26	4,91
55,28	4,98
55,31	5,05
55,33	5,10
55,36	5,17
55,38	5,24
55,40	5,30
55,43	5,37
55,45	5,43
55,48	5,48
55,50	5,56
55,53	5,62
55,55	5,69
55,57	5,74
55,60	5,79
55,62	5,87
55,65	5,94
55,67	6,00
55,70	6,09
55,72	6,15
55,75	6,22
55,77	6,30
55,79	6,35
55,82	6,40
55,84	6,46
55,87	6,51
55,89	6,58
55,92	6,63
55,94	6,70
55,97	6,79
55,99	6,87
56,01	6,93
56,04	7,01
56,06	7,07
56,09	7,16
56,11	7,20
56,14	7,25
56,16	7,29
56,19	7,33
56,21	7,37
56,23	7,43
56,26	7,46
56,28	7,53
56,31	7,59
56,33	7,66
56,36	7,74
56,38	7,80
56,41	7,86
56,43	7,90
56,45	7,96
56,48	8,00
56,50	8,05
56,53	8,05
56,55	8,09
56,58	8,12
56,60	8,17
56,62	8,20
56,65	8,23
56,67	8,24
56,70	8,29
56,72	8,32
56,75	8,34
56,77	8,35
56,80	8,34
56,82	8,36
56,84	8,39
56,87	8,41
56,89	8,43
56,92	8,42
56,94	8,42
56,97	8,44
56,99	8,43
57,02	8,40
57,04	8,40
57,06	8,41
57,09	8,44
57,11	8,43
57,14	8,44
57,16	8,41
57,19	8,41
57,21	8,38
57,24	8,37
57,26	8,31
57,28	8,33
57,31	8,30
57,33	8,31
57,36	8,28
57,38	8,26
57,41	8,21
57,43	8,22
57,46	8,16
57,48	8,13
57,50	8,07
57,53	8,06
57,55	8,03
57,58	8,02
57,60	7,96
57,63	7,94
57,65	7,88
57,68	7,86
57,70	7,83
57,72	7,80
57,75	7,73
57,77	7,71
57,80	7,64
57,82	7,62
57,85	7,58
57,87	7,53
57,89	7,48
57,92	7,44
57,94	7,38
57,97	7,37
57,99	7,34
58,02	7,30
58,04	7,24
58,07	7,19
58,09	7,15
58,11	7,10
58,14	7,04
58,16	6,99
58,19	6,92
58,21	6,89
58,24	6,84
58,26	6,79
58,29	6,75
58,31	6,71
58,33	6,67
58,36	6,64
58,38	6,58
58,41	6,53
58,43	6,51
58,46	6,47
58,48	6,44
58,51	6,40
58,53	6,36
58,55	6,31
58,58	6,31
58,60	6,26
58,63	6,22
58,65	6,18
58,68	6,16
58,70	6,14
58,73	6,14
58,75	6,11
58,77	6,09
58,80	6,06
58,82	6,05
58,85	6,00
58,87	5,98
58,90	5,96
58,92	5,93
58,94	5,90
58,97	5,90
58,99	5,87
59,02	5,89
59,04	5,89
59,07	5,88
59,09	5,88
59,12	5,86
59,14	5,84
59,16	5,86
59,19	5,88
59,21	5,85
59,24	5,84
59,26	5,83
59,29	5,85
59,31	5,87
59,34	5,86
59,36	5,87
59,38	5,87
59,41	5,90
59,43	5,95
59,46	6,00
59,48	6,01
59,51	6,05
59,53	6,04
59,56	6,12
59,58	6,15
59,60	6,15
59,63	6,17
59,65	6,19
59,68	6,21
59,70	6,27
59,73	6,27
59,75	6,33
59,78	6,38
59,80	6,41
59,82	6,49
59,85	6,54
59,87	6,59
59,90	6,67
59,92	6,73
59,95	6,78
59,97	6,85
59,99	6,88
