Voltage U1	Corriente IA
U1/V	IA/nA

0,02	0,46
0,04	0,47
0,07	0,48
0,09	0,49
0,12	0,53
0,14	0,54
0,17	0,55
0,19	0,55
0,21	0,59
0,24	0,57
0,26	0,59
0,29	0,56
0,31	0,57
0,34	0,59
0,36	0,59
0,39	0,57
0,41	0,59
0,43	0,57
0,46	0,57
0,48	0,56
0,51	0,55
0,53	0,55
0,56	0,55
0,58	0,54
0,61	0,52
0,63	0,53
0,65	0,53
0,68	0,51
0,70	0,52
0,73	0,53
0,75	0,53
0,78	0,54
0,80	0,51
0,83	0,55
0,85	0,56
0,87	0,55
0,90	0,52
0,92	0,54
0,95	0,55
0,97	0,57
1,00	0,54
1,02	0,54
1,05	0,52
1,07	0,52
1,09	0,51
1,12	0,48
1,14	0,49
1,17	0,47
1,19	0,48
1,22	0,51
1,24	0,50
1,26	0,51
1,29	0,54
1,31	0,53
1,34	0,55
1,36	0,53
1,39	0,53
1,41	0,53
1,44	0,55
1,46	0,54
1,48	0,53
1,51	0,54
1,53	0,56
1,56	0,55
1,58	0,57
1,61	0,54
1,63	0,55
1,66	0,57
1,68	0,53
1,70	0,53
1,73	0,52
1,75	0,52
1,78	0,51
1,80	0,47
1,83	0,48
1,85	0,51
1,88	0,49
1,90	0,52
1,92	0,51
1,95	0,54
1,97	0,56
2,00	0,55
2,02	0,57
2,05	0,60
2,07	0,60
2,10	0,59
2,12	0,58
2,14	0,62
2,17	0,62
2,19	0,61
2,22	0,58
2,24	0,55
2,27	0,57
2,29	0,56
2,31	0,54
2,34	0,54
2,36	0,51
2,39	0,52
2,41	0,54
2,44	0,52
2,46	0,54
2,49	0,51
2,51	0,53
2,53	0,53
2,56	0,54
2,58	0,55
2,61	0,54
2,63	0,54
2,66	0,57
2,68	0,54
2,71	0,55
2,73	0,53
2,75	0,54
2,78	0,54
2,80	0,53
2,83	0,54
2,85	0,55
2,88	0,56
2,90	0,57
2,93	0,57
2,95	0,58
2,97	0,58
3,00	0,53
3,02	0,55
3,05	0,56
3,07	0,56
3,10	0,54
3,12	0,53
3,15	0,55
3,17	0,57
3,19	0,56
3,22	0,54
3,24	0,52
3,27	0,56
3,29	0,56
3,32	0,55
3,34	0,54
3,36	0,54
3,39	0,55
3,41	0,55
3,44	0,52
3,46	0,53
3,49	0,52
3,51	0,53
3,54	0,54
3,56	0,54
3,58	0,55
3,61	0,53
3,63	0,53
3,66	0,52
3,68	0,52
3,71	0,50
3,73	0,51
3,76	0,51
3,78	0,53
3,80	0,50
3,83	0,50
3,85	0,49
3,88	0,54
3,90	0,54
3,93	0,53
3,95	0,54
3,98	0,57
4,00	0,58
4,02	0,59
4,05	0,57
4,07	0,57
4,10	0,58
4,12	0,56
4,15	0,55
4,17	0,54
4,20	0,55
4,22	0,55
4,24	0,53
4,27	0,54
4,29	0,53
4,32	0,51
4,34	0,51
4,37	0,50
4,39	0,49
4,42	0,48
4,44	0,50
4,46	0,52
4,49	0,57
4,51	0,58
4,54	0,57
4,56	0,57
4,59	0,61
4,61	0,59
4,63	0,59
4,66	0,55
4,68	0,56
4,71	0,58
4,73	0,57
4,76	0,55
4,78	0,55
4,81	0,55
4,83	0,54
4,85	0,53
4,88	0,53
4,90	0,52
4,93	0,48
4,95	0,50
4,98	0,50
5,00	0,52
5,03	0,48
5,05	0,48
5,07	0,52
5,10	0,58
5,12	0,57
5,15	0,58
5,17	0,56
5,20	0,62
5,22	0,63
5,25	0,61
5,27	0,58
5,29	0,57
5,32	0,57
5,34	0,57
5,37	0,54
5,39	0,54
5,42	0,52
5,44	0,53
5,47	0,54
5,49	0,51
5,51	0,54
5,54	0,51
5,56	0,52
5,59	0,53
5,61	0,52
5,64	0,51
5,66	0,52
5,68	0,49
5,71	0,55
5,73	0,51
5,76	0,51
5,78	0,52
5,81	0,56
5,83	0,56
5,86	0,54
5,88	0,54
5,90	0,57
5,93	0,58
5,95	0,57
5,98	0,54
6,00	0,57
6,03	0,58
6,05	0,58
6,08	0,57
6,10	0,55
6,12	0,57
6,15	0,56
6,17	0,55
6,20	0,56
6,22	0,56
6,25	0,56
6,27	0,59
6,30	0,58
6,32	0,60
6,34	0,59
6,37	0,58
6,39	0,57
6,42	0,59
6,44	0,59
6,47	0,59
6,49	0,59
6,52	0,61
6,54	0,61
6,56	0,62
6,59	0,60
6,61	0,59
6,64	0,63
6,66	0,61
6,69	0,60
6,71	0,65
6,73	0,63
6,76	0,64
6,78	0,65
6,81	0,63
6,83	0,67
6,86	0,66
6,88	0,65
6,91	0,67
6,93	0,68
6,95	0,65
6,98	0,64
7,00	0,64
7,03	0,67
7,05	0,65
7,08	0,64
7,10	0,63
7,13	0,69
7,15	0,70
7,17	0,68
7,20	0,66
7,22	0,67
7,25	0,69
7,27	0,70
7,30	0,66
7,32	0,66
7,35	0,65
7,37	0,65
7,39	0,65
7,42	0,64
7,44	0,64
7,47	0,65
7,49	0,67
7,52	0,74
7,54	0,75
7,57	0,75
7,59	0,76
7,61	0,75
7,64	0,76
7,66	0,75
7,69	0,71
7,71	0,71
7,74	0,73
7,76	0,75
7,78	0,75
7,81	0,75
7,83	0,77
7,86	0,76
7,88	0,78
7,91	0,77
7,93	0,78
7,96	0,81
7,98	0,80
8,00	0,81
8,03	0,80
8,05	0,79
8,08	0,78
8,10	0,76
8,13	0,76
8,15	0,78
8,18	0,76
8,20	0,79
8,22	0,79
8,25	0,85
8,27	0,85
8,30	0,85
8,32	0,85
8,35	0,88
8,37	0,86
8,40	0,87
8,42	0,84
8,44	0,87
8,47	0,86
8,49	0,86
8,52	0,85
8,54	0,86
8,57	0,87
8,59	0,85
8,62	0,84
8,64	0,85
8,66	0,84
8,69	0,82
8,71	0,82
8,74	0,81
8,76	0,82
8,79	0,81
8,81	0,81
8,84	0,83
8,86	0,89
8,88	0,89
8,91	0,88
8,93	0,90
8,96	0,93
8,98	0,91
9,01	0,91
9,03	0,86
9,05	0,87
9,08	0,88
9,10	0,85
9,13	0,84
9,15	0,85
9,18	0,84
9,20	0,85
9,23	0,83
9,25	0,83
9,27	0,86
9,30	0,84
9,32	0,86
9,35	0,87
9,37	0,88
9,40	0,88
9,42	0,88
9,45	0,88
9,47	0,90
9,49	0,89
9,52	0,90
9,54	0,88
9,57	0,91
9,59	0,91
9,62	0,91
9,64	0,91
9,67	0,91
9,69	0,95
9,71	0,96
9,74	0,93
9,76	0,95
9,79	0,94
9,81	0,95
9,84	0,95
9,86	0,91
9,89	0,91
9,91	0,88
9,93	0,87
9,96	0,89
9,98	0,87
10,01	0,86
10,03	0,87
10,06	0,87
10,08	0,93
10,10	0,92
10,13	0,92
10,15	0,93
10,18	0,96
10,20	0,97
10,23	0,96
10,25	0,95
10,28	0,97
10,30	0,96
10,32	0,97
10,35	0,92
10,37	0,93
10,40	0,94
10,42	0,93
10,45	0,93
10,47	0,93
10,50	0,93
10,52	0,95
10,54	0,93
10,57	0,95
10,59	0,96
10,62	0,95
10,64	0,95
10,67	0,95
10,69	0,97
10,72	0,97
10,74	0,96
10,76	0,97
10,79	1,00
10,81	1,01
10,84	1,01
10,86	1,02
10,89	1,05
10,91	1,03
10,94	1,04
10,96	1,02
10,98	1,02
11,01	1,04
11,03	1,04
11,06	1,03
11,08	1,05
11,11	1,06
11,13	1,07
11,15	1,07
11,18	1,08
11,20	1,09
11,23	1,06
11,25	1,07
11,28	1,06
11,30	1,08
11,33	1,11
11,35	1,10
11,37	1,12
11,40	1,19
11,42	1,20
11,45	1,22
11,47	1,22
11,50	1,24
11,52	1,26
11,55	1,24
11,57	1,22
11,59	1,22
11,62	1,22
11,64	1,24
11,67	1,23
11,69	1,26
11,72	1,27
11,74	1,28
11,77	1,30
11,79	1,29
11,81	1,31
11,84	1,29
11,86	1,28
11,89	1,31
11,91	1,33
11,94	1,33
11,96	1,36
11,99	1,37
12,01	1,42
12,03	1,41
12,06	1,41
12,08	1,41
12,11	1,43
12,13	1,45
12,16	1,45
12,18	1,44
12,21	1,48
12,23	1,46
12,25	1,47
12,28	1,46
12,30	1,46
12,33	1,46
12,35	1,47
12,38	1,49
12,40	1,53
12,42	1,53
12,45	1,55
12,47	1,54
12,50	1,57
12,52	1,58
12,55	1,56
12,57	1,57
12,60	1,57
12,62	1,62
12,64	1,63
12,67	1,62
12,69	1,63
12,72	1,65
12,74	1,65
12,77	1,65
12,79	1,60
12,82	1,63
12,84	1,63
12,86	1,63
12,89	1,63
12,91	1,64
12,94	1,66
12,96	1,68
12,99	1,65
13,01	1,70
13,04	1,68
13,06	1,67
13,08	1,66
13,11	1,65
13,13	1,66
13,16	1,65
13,18	1,62
13,21	1,65
13,23	1,67
13,26	1,70
13,28	1,68
13,30	1,68
13,33	1,72
13,35	1,69
13,38	1,68
13,40	1,66
13,43	1,65
13,45	1,66
13,47	1,64
13,50	1,64
13,52	1,65
13,55	1,65
13,57	1,68
13,60	1,64
13,62	1,64
13,65	1,65
13,67	1,61
13,69	1,62
13,72	1,60
13,74	1,59
13,77	1,59
13,79	1,57
13,82	1,58
13,84	1,62
13,87	1,60
13,89	1,60
13,91	1,60
13,94	1,62
13,96	1,64
13,99	1,62
14,01	1,60
14,04	1,59
14,06	1,60
14,09	1,58
14,11	1,55
14,13	1,56
14,16	1,56
14,18	1,57
14,21	1,56
14,23	1,55
14,26	1,55
14,28	1,52
14,31	1,51
14,33	1,50
14,35	1,50
14,38	1,50
14,40	1,49
14,43	1,50
14,45	1,54
14,48	1,54
14,50	1,54
14,52	1,52
14,55	1,54
14,57	1,54
14,60	1,52
14,62	1,50
14,65	1,50
14,67	1,46
14,70	1,45
14,72	1,44
14,74	1,45
14,77	1,46
14,79	1,44
14,82	1,44
14,84	1,45
14,87	1,46
14,89	1,44
14,92	1,42
14,94	1,44
14,96	1,45
14,99	1,44
15,01	1,47
15,04	1,46
15,06	1,49
15,09	1,48
15,11	1,48
15,14	1,49
15,16	1,51
15,18	1,52
15,21	1,54
15,23	1,54
15,26	1,58
15,28	1,56
15,31	1,56
15,33	1,55
15,36	1,56
15,38	1,57
15,40	1,58
15,43	1,59
15,45	1,62
15,48	1,64
15,50	1,65
15,53	1,65
15,55	1,66
15,57	1,67
15,60	1,65
15,62	1,67
15,65	1,66
15,67	1,70
15,70	1,72
15,72	1,72
15,75	1,75
15,77	1,81
15,79	1,82
15,82	1,84
15,84	1,86
15,87	1,90
15,89	1,92
15,92	1,92
15,94	1,92
15,97	1,93
15,99	1,96
16,01	1,96
16,04	1,99
16,06	2,01
16,09	2,04
16,11	2,05
16,14	2,10
16,16	2,11
16,19	2,15
16,21	2,13
16,23	2,17
16,26	2,21
16,28	2,23
16,31	2,25
16,33	2,29
16,36	2,30
16,38	2,38
16,41	2,38
16,43	2,42
16,45	2,45
16,48	2,50
16,50	2,54
16,53	2,58
16,55	2,59
16,58	2,66
16,60	2,69
16,63	2,72
16,65	2,74
16,67	2,77
16,70	2,80
16,72	2,80
16,75	2,83
16,77	2,84
16,80	2,87
16,82	2,89
16,84	2,92
16,87	2,95
16,89	3,01
16,92	3,02
16,94	3,07
16,97	3,08
16,99	3,16
17,02	3,18
17,04	3,18
17,06	3,21
17,09	3,24
17,11	3,26
17,14	3,30
17,16	3,28
17,19	3,32
17,21	3,35
17,24	3,37
17,26	3,39
17,28	3,38
17,31	3,41
17,33	3,42
17,36	3,42
17,38	3,44
17,41	3,45
17,43	3,45
17,46	3,47
17,48	3,46
17,50	3,49
17,53	3,47
17,55	3,47
17,58	3,48
17,60	3,51
17,63	3,50
17,65	3,50
17,68	3,48
17,70	3,51
17,72	3,50
17,75	3,50
17,77	3,46
17,80	3,47
17,82	3,47
17,85	3,44
17,87	3,41
17,89	3,40
17,92	3,38
17,94	3,37
17,97	3,34
17,99	3,33
18,02	3,33
18,04	3,29
18,07	3,29
18,09	3,27
18,11	3,26
18,14	3,24
18,16	3,19
18,19	3,17
18,21	3,18
18,24	3,15
18,26	3,14
18,29	3,12
18,31	3,13
18,33	3,12
18,36	3,09
18,38	3,07
18,41	3,03
18,43	3,02
18,46	2,98
18,48	2,92
18,51	2,90
18,53	2,87
18,55	2,84
18,58	2,83
18,60	2,80
18,63	2,78
18,65	2,72
18,68	2,70
18,70	2,68
18,73	2,68
18,75	2,63
18,77	2,59
18,80	2,56
18,82	2,59
18,85	2,57
18,87	2,54
18,90	2,49
18,92	2,49
18,94	2,47
18,97	2,45
18,99	2,41
19,02	2,38
19,04	2,36
19,07	2,38
19,09	2,35
19,12	2,35
19,14	2,35
19,16	2,33
19,19	2,35
19,21	2,33
19,24	2,30
19,26	2,26
19,29	2,23
19,31	2,21
19,34	2,19
19,36	2,14
19,38	2,14
19,41	2,14
19,43	2,18
19,46	2,17
19,48	2,16
19,51	2,17
19,53	2,18
19,56	2,17
19,58	2,15
19,60	2,12
19,63	2,14
19,65	2,12
19,68	2,11
19,70	2,10
19,73	2,11
19,75	2,13
19,78	2,15
19,80	2,16
19,82	2,19
19,85	2,19
19,87	2,19
19,90	2,19
19,92	2,19
19,95	2,21
19,97	2,18
19,99	2,19
20,02	2,22
20,04	2,24
20,07	2,29
20,09	2,31
20,12	2,32
20,14	2,38
20,17	2,40
20,19	2,43
20,21	2,44
20,24	2,46
20,26	2,48
20,29	2,49
20,31	2,51
20,34	2,55
20,36	2,57
20,39	2,62
20,41	2,64
20,43	2,68
20,46	2,73
20,48	2,76
20,51	2,81
20,53	2,83
20,56	2,87
20,58	2,88
20,61	2,90
20,63	2,97
20,65	3,02
20,68	3,05
20,70	3,10
20,73	3,13
20,75	3,24
20,78	3,31
20,80	3,34
20,83	3,39
20,85	3,43
20,87	3,49
20,90	3,55
20,92	3,55
20,95	3,60
20,97	3,66
21,00	3,72
21,02	3,78
21,05	3,84
21,07	3,92
21,09	3,98
21,12	4,05
21,14	4,11
21,17	4,17
21,19	4,26
21,22	4,33
21,24	4,38
21,26	4,45
21,29	4,49
21,31	4,54
21,34	4,60
21,36	4,69
21,39	4,76
21,41	4,79
21,44	4,88
21,46	4,98
21,48	5,06
21,51	5,14
21,53	5,19
21,56	5,27
21,58	5,38
21,61	5,42
21,63	5,50
21,66	5,57
21,68	5,64
21,70	5,70
21,73	5,74
21,75	5,82
21,78	5,89
21,80	5,93
21,83	5,97
21,85	6,02
21,88	6,09
21,90	6,13
21,92	6,16
21,95	6,21
21,97	6,26
22,00	6,30
22,02	6,32
22,05	6,35
22,07	6,40
22,10	6,43
22,12	6,45
22,14	6,47
22,17	6,50
22,19	6,55
22,22	6,54
22,24	6,55
22,27	6,57
22,29	6,57
22,31	6,59
22,34	6,56
22,36	6,55
22,39	6,56
22,41	6,51
22,44	6,49
22,46	6,46
22,49	6,45
22,51	6,43
22,53	6,38
22,56	6,35
22,58	6,36
22,61	6,33
22,63	6,30
22,66	6,24
22,68	6,23
22,71	6,19
22,73	6,14
22,75	6,06
22,78	6,02
22,80	5,98
22,83	5,92
22,85	5,83
22,88	5,77
22,90	5,71
22,93	5,67
22,95	5,58
22,97	5,52
23,00	5,46
23,02	5,38
23,05	5,33
23,07	5,27
23,10	5,18
23,12	5,11
23,15	5,04
23,17	4,97
23,19	4,96
23,22	4,86
23,24	4,82
23,27	4,75
23,29	4,70
23,32	4,63
23,34	4,56
23,36	4,47
23,39	4,43
23,41	4,35
23,44	4,32
23,46	4,22
23,49	4,17
23,51	4,11
23,54	4,04
23,56	3,98
23,58	3,90
23,61	3,83
23,63	3,78
23,66	3,72
23,68	3,68
23,71	3,62
23,73	3,56
23,76	3,54
23,78	3,48
23,80	3,47
23,83	3,43
23,85	3,38
23,88	3,36
23,90	3,33
23,93	3,29
23,95	3,27
23,98	3,22
24,00	3,22
24,02	3,18
24,05	3,13
24,07	3,10
24,10	3,08
24,12	3,10
24,15	3,07
24,17	3,04
24,20	3,05
24,22	3,02
24,24	3,01
24,27	2,99
24,29	2,95
24,32	2,96
24,34	2,93
24,37	2,94
24,39	2,94
24,42	2,95
24,44	2,95
24,46	2,94
24,49	2,94
24,51	3,01
24,54	3,00
24,56	3,04
24,59	3,04
24,61	3,09
24,63	3,11
24,66	3,12
24,68	3,13
24,71	3,15
24,73	3,17
24,76	3,20
24,78	3,21
24,81	3,26
24,83	3,30
24,85	3,33
24,88	3,39
24,90	3,42
24,93	3,47
24,95	3,51
24,98	3,53
25,00	3,59
25,03	3,64
25,05	3,68
25,07	3,74
25,10	3,75
25,12	3,86
25,15	3,91
25,17	3,96
25,20	4,00
25,22	4,08
25,25	4,15
25,27	4,24
25,29	4,28
25,32	4,36
25,34	4,43
25,37	4,52
25,39	4,57
25,42	4,62
25,44	4,74
25,47	4,80
25,49	4,87
25,51	4,95
25,54	5,01
25,56	5,09
25,59	5,16
25,61	5,23
25,64	5,33
25,66	5,40
25,68	5,52
25,71	5,63
25,73	5,76
25,76	5,89
25,78	5,98
25,81	6,08
25,83	6,19
25,86	6,28
25,88	6,38
25,90	6,45
25,93	6,55
25,95	6,66
25,98	6,76
26,00	6,91
26,03	7,03
26,05	7,16
26,08	7,28
26,10	7,38
26,12	7,49
26,15	7,60
26,17	7,66
26,20	7,76
26,22	7,87
26,25	8,01
26,27	8,12
26,30	8,23
26,32	8,36
26,34	8,52
26,37	8,64
26,39	8,76
26,42	8,87
26,44	9,01
26,47	9,11
26,49	9,20
26,52	9,27
26,54	9,37
26,56	9,47
26,59	9,54
26,61	9,63
26,64	9,77
26,66	9,86
26,69	9,96
26,71	10,04
26,73	10,17
26,76	10,27
26,78	10,28
26,81	10,34
26,83	10,41
26,86	10,49
26,88	10,55
26,91	10,56
26,93	10,61
26,95	10,76
26,98	10,79
27,00	10,83
27,03	10,83
27,05	10,88
27,08	10,93
27,10	10,94
27,13	10,91
27,15	10,91
27,17	10,93
27,20	10,94
27,22	10,88
27,25	10,84
27,27	10,80
27,30	10,78
27,32	10,74
27,35	10,68
27,37	10,62
27,39	10,54
27,42	10,48
27,44	10,41
27,47	10,30
27,49	10,22
27,52	10,13
27,54	10,05
27,57	10,00
27,59	9,89
27,61	9,82
27,64	9,74
27,66	9,65
27,69	9,54
27,71	9,40
27,74	9,27
27,76	9,17
27,78	9,04
27,81	8,91
27,83	8,75
27,86	8,65
27,88	8,54
27,91	8,42
27,93	8,32
27,96	8,17
27,98	8,04
28,00	7,91
28,03	7,76
28,05	7,63
28,08	7,49
28,10	7,31
28,13	7,16
28,15	7,03
28,18	6,93
28,20	6,78
28,22	6,64
28,25	6,56
28,27	6,46
28,30	6,36
28,32	6,25
28,35	6,11
28,37	6,03
28,40	5,92
28,42	5,77
28,44	5,66
28,47	5,56
28,49	5,47
28,52	5,37
28,54	5,26
28,57	5,22
28,59	5,16
28,62	5,06
28,64	4,97
28,66	4,90
28,69	4,85
28,71	4,79
28,74	4,70
28,76	4,62
28,79	4,58
28,81	4,56
28,84	4,49
28,86	4,44
28,88	4,40
28,91	4,34
28,93	4,30
28,96	4,27
28,98	4,24
29,01	4,23
29,03	4,19
29,05	4,18
29,08	4,19
29,10	4,17
29,13	4,15
29,15	4,14
29,18	4,14
29,20	4,16
29,23	4,13
29,25	4,14
29,27	4,14
29,30	4,17
29,32	4,16
29,35	4,17
29,37	4,20
29,40	4,24
29,42	4,26
29,45	4,30
29,47	4,30
29,49	4,38
29,52	4,42
29,54	4,45
29,57	4,52
29,59	4,59
29,62	4,63
29,64	4,71
29,67	4,72
29,69	4,80
29,71	4,86
29,74	4,89
29,76	4,94
29,79	5,00
29,81	5,10
29,84	5,18
29,86	5,25
29,89	5,34
29,91	5,43
29,93	5,53
29,96	5,62
29,98	5,68
30,01	5,79
30,03	5,86
30,06	5,96
30,08	6,05
30,10	6,17
30,13	6,28
30,15	6,40
30,18	6,50
30,20	6,64
30,23	6,74
30,25	6,90
30,28	6,99
30,30	7,10
30,32	7,20
30,35	7,31
30,37	7,43
30,40	7,57
30,42	7,67
30,45	7,80
30,47	7,96
30,50	8,12
30,52	8,29
30,54	8,42
30,57	8,55
30,59	8,72
30,62	8,88
30,64	9,02
30,67	9,15
30,69	9,29
30,72	9,47
30,74	9,62
30,76	9,75
30,79	9,89
30,81	10,06
30,84	10,24
30,86	10,42
30,89	10,57
30,91	10,74
30,94	10,94
30,96	11,13
30,98	11,30
31,01	11,46
31,03	11,59
31,06	11,74
31,08	11,92
31,11	12,08
31,13	12,27
31,15	12,39
31,18	12,56
31,20	12,77
31,23	12,96
31,25	13,16
31,28	13,32
31,30	13,49
31,33	13,74
31,35	13,88
31,37	14,06
31,40	14,20
31,42	14,36
31,45	14,51
31,47	14,64
31,50	14,74
31,52	14,93
31,55	15,08
31,57	15,26
31,59	15,35
31,62	15,51
31,64	15,64
31,67	15,79
31,69	15,92
31,72	15,98
31,74	16,06
31,77	16,16
31,79	16,23
31,81	16,32
31,84	16,36
31,86	16,39
31,89	16,47
31,91	16,53
31,94	16,58
31,96	16,59
31,99	16,62
32,01	16,64
32,03	16,66
32,06	16,64
32,08	16,62
32,11	16,60
32,13	16,58
32,16	16,53
32,18	16,47
32,20	16,39
32,23	16,35
32,25	16,25
32,28	16,14
32,30	16,03
32,33	15,95
32,35	15,84
32,38	15,72
32,40	15,58
32,42	15,48
32,45	15,37
32,47	15,23
32,50	15,08
32,52	14,90
32,55	14,79
32,57	14,62
32,60	14,43
32,62	14,25
32,64	14,05
32,67	13,86
32,69	13,66
32,72	13,41
32,74	13,25
32,77	13,05
32,79	12,85
32,82	12,65
32,84	12,47
32,86	12,30
32,89	12,11
32,91	11,86
32,94	11,66
32,96	11,43
32,99	11,20
33,01	10,97
33,04	10,72
33,06	10,52
33,08	10,27
33,11	10,06
33,13	9,87
33,16	9,70
33,18	9,53
33,21	9,34
33,23	9,15
33,26	9,04
33,28	8,88
33,30	8,71
33,33	8,53
33,35	8,37
33,38	8,22
33,40	8,08
33,43	7,92
33,45	7,77
33,47	7,65
33,50	7,58
33,52	7,44
33,55	7,34
33,57	7,24
33,60	7,12
33,62	7,04
33,65	6,92
33,67	6,79
33,69	6,69
33,72	6,61
33,74	6,57
33,77	6,51
33,79	6,41
33,82	6,37
33,84	6,30
33,87	6,30
33,89	6,23
33,91	6,15
33,94	6,14
33,96	6,13
33,99	6,11
34,01	6,09
34,04	6,04
34,06	6,07
34,09	6,08
34,11	6,07
34,13	6,07
34,16	6,07
34,18	6,11
34,21	6,13
34,23	6,13
34,26	6,16
34,28	6,19
34,31	6,23
34,33	6,28
34,35	6,31
34,38	6,38
34,40	6,44
34,43	6,53
34,45	6,59
34,48	6,69
34,50	6,79
34,52	6,86
34,55	6,94
34,57	7,02
34,60	7,08
34,62	7,18
34,65	7,27
34,67	7,36
34,70	7,48
34,72	7,60
34,74	7,71
34,77	7,86
34,79	8,00
34,82	8,14
34,84	8,26
34,87	8,39
34,89	8,51
34,92	8,62
34,94	8,75
34,96	8,89
34,99	9,02
35,01	9,18
35,04	9,33
35,06	9,52
35,09	9,75
35,11	9,92
35,14	10,09
35,16	10,24
35,18	10,43
35,21	10,60
35,23	10,74
35,26	10,86
35,28	11,02
35,31	11,21
35,33	11,39
35,36	11,57
35,38	11,79
35,40	12,02
35,43	12,25
35,45	12,47
35,48	12,66
35,50	12,91
35,53	13,10
35,55	13,27
35,57	13,45
35,60	13,62
35,62	13,86
35,65	14,06
35,67	14,24
35,70	14,51
35,72	14,73
35,75	14,98
35,77	15,24
35,79	15,47
35,82	15,72
35,84	15,93
35,87	16,15
35,89	16,41
35,92	16,61
35,94	16,84
35,97	17,02
35,99	17,24
36,01	17,51
36,04	17,74
36,06	17,99
36,09	18,24
36,11	18,49
36,14	18,76
36,16	19,01
36,19	19,25
36,21	19,50
36,23	19,71
36,26	19,94
36,28	20,13
36,31	20,38
36,33	20,58
36,36	20,79
36,38	21,01
36,41	21,22
36,43	21,43
36,45	21,66
36,48	21,85
36,50	22,09
36,53	22,22
36,55	22,38
36,58	22,59
36,60	22,77
36,62	22,92
36,65	23,04
36,67	23,13
36,70	23,33
36,72	23,43
36,75	23,46
36,77	23,52
36,80	23,61
36,82	23,73
36,84	23,78
36,87	23,80
36,89	23,84
36,92	23,96
36,94	24,02
36,97	23,99
36,99	23,96
37,02	23,98
37,04	23,98
37,06	23,96
37,09	23,84
37,11	23,78
37,14	23,74
37,16	23,68
37,19	23,58
37,21	23,44
37,24	23,32
37,26	23,23
37,28	23,09
37,31	22,92
37,33	22,71
37,36	22,53
37,38	22,37
37,41	22,19
37,43	21,96
37,46	21,70
37,48	21,52
37,50	21,32
37,53	21,06
37,55	20,81
37,58	20,52
37,60	20,27
37,63	20,07
37,65	19,79
37,68	19,54
37,70	19,30
37,72	19,06
37,75	18,80
37,77	18,51
37,80	18,20
37,82	17,92
37,85	17,61
37,87	17,29
37,89	16,96
37,92	16,67
37,94	16,38
37,97	16,05
37,99	15,78
38,02	15,50
38,04	15,25
38,07	14,97
38,09	14,71
38,11	14,49
38,14	14,25
38,16	13,94
38,19	13,66
38,21	13,38
38,24	13,16
38,26	12,88
38,29	12,59
38,31	12,37
38,33	12,17
38,36	11,98
38,38	11,78
38,41	11,57
38,43	11,42
38,46	11,25
38,48	11,07
38,51	10,86
38,53	10,67
38,55	10,55
38,58	10,35
38,60	10,17
38,63	10,03
38,65	9,93
38,68	9,84
38,70	9,74
38,73	9,59
38,75	9,56
38,77	9,50
38,80	9,44
38,82	9,33
38,85	9,27
38,87	9,26
38,90	9,22
38,92	9,17
38,94	9,12
38,97	9,08
38,99	9,09
39,02	9,06
39,04	9,01
39,07	9,00
39,09	9,00
39,12	9,03
39,14	9,06
39,16	9,07
39,19	9,11
39,21	9,15
39,24	9,22
39,26	9,28
39,29	9,30
39,31	9,37
39,34	9,45
39,36	9,54
39,38	9,61
39,41	9,68
39,43	9,79
39,46	9,93
39,48	10,03
39,51	10,12
39,53	10,21
39,56	10,36
39,58	10,50
39,60	10,63
39,63	10,75
39,65	10,88
39,68	11,05
39,70	11,24
39,73	11,35
39,75	11,52
39,78	11,67
39,80	11,84
39,82	12,02
39,85	12,17
39,87	12,35
39,90	12,57
39,92	12,75
39,95	12,94
39,97	13,15
39,99	13,40
40,02	13,62
40,04	13,84
40,07	14,05
40,09	14,25
40,12	14,50
40,14	14,72
40,17	14,92
40,19	15,16
40,21	15,34
40,24	15,55
40,26	15,83
40,29	16,06
40,31	16,32
40,34	16,58
40,36	16,84
40,39	17,15
40,41	17,45
40,43	17,69
40,46	17,94
40,48	18,18
40,51	18,42
40,53	18,64
40,56	18,93
40,58	19,20
40,61	19,50
40,63	19,80
40,65	20,09
40,68	20,47
40,70	20,80
40,73	21,09
40,75	21,39
40,78	21,67
40,80	21,97
40,83	22,26
40,85	22,51
40,87	22,81
40,90	23,12
40,92	23,42
40,95	23,75
40,97	24,09
41,00	24,45
41,02	24,76
41,05	25,08
41,07	25,39
41,09	25,71
41,12	25,98
41,14	26,26
41,17	26,50
41,19	26,78
41,22	27,01
41,24	27,27
41,26	27,52
41,29	27,87
41,31	28,15
41,34	28,40
41,36	28,65
41,39	28,96
41,41	29,21
41,44	29,49
41,46	29,67
41,48	29,91
41,51	30,17
41,53	30,40
41,56	30,58
41,58	30,77
41,61	30,93
41,63	31,11
41,66	31,25
41,68	31,36
41,70	31,48
41,73	31,60
41,75	31,72
41,78	31,82
41,80	31,89
41,83	31,96
41,85	32,06
41,88	32,14
41,90	32,17
41,92	32,17
41,95	32,18
41,97	32,21
42,00	32,24
42,02	32,17
42,05	32,12
42,07	32,08
42,10	32,02
42,12	31,90
42,14	31,73
42,17	31,60
42,19	31,54
42,22	31,40
42,24	31,25
42,27	31,07
42,29	30,97
42,31	30,84
42,34	30,63
42,36	30,41
42,39	30,14
42,41	29,95
42,44	29,70
42,46	29,39
42,49	29,11
42,51	28,88
42,53	28,62
42,56	28,39
42,58	28,05
42,61	27,81
42,63	27,55
42,66	27,27
42,68	26,92
42,71	26,54
42,73	26,21
42,75	25,90
42,78	25,53
42,80	25,15
42,83	24,74
42,85	24,41
42,88	24,10
42,90	23,78
42,93	23,49
42,95	23,14
42,97	22,83
43,00	22,53
43,02	22,23
43,05	21,88
43,07	21,50
43,10	21,11
43,12	20,75
43,15	20,38
43,17	20,06
43,19	19,66
43,22	19,38
43,24	19,12
43,27	18,83
43,29	18,58
43,32	18,33
43,34	18,03
43,36	17,82
43,39	17,52
43,41	17,23
43,44	16,95
43,46	16,73
43,49	16,51
43,51	16,27
43,54	16,00
43,56	15,79
43,58	15,61
43,61	15,45
43,63	15,23
43,66	15,02
43,68	14,90
43,71	14,76
43,73	14,65
43,76	14,48
43,78	14,34
43,80	14,27
43,83	14,21
43,85	14,08
43,88	14,00
43,90	13,91
43,93	13,89
43,95	13,82
43,98	13,73
44,00	13,67
44,02	13,68
44,05	13,67
44,07	13,64
44,10	13,61
44,12	13,64
44,15	13,69
44,17	13,72
44,20	13,72
44,22	13,74
44,24	13,81
44,27	13,86
44,29	13,93
44,32	13,96
44,34	14,05
44,37	14,15
44,39	14,26
44,41	14,36
44,44	14,50
44,46	14,61
44,49	14,77
44,51	14,92
44,54	15,07
44,56	15,23
44,59	15,40
44,61	15,54
44,63	15,70
44,66	15,84
44,68	16,01
44,71	16,18
44,73	16,35
44,76	16,55
44,78	16,74
44,81	17,00
44,83	17,25
44,85	17,51
44,88	17,75
44,90	18,00
44,93	18,28
44,95	18,52
44,98	18,72
45,00	18,96
45,03	19,19
45,05	19,48
45,07	19,74
45,10	19,97
45,12	20,31
45,15	20,62
45,17	20,92
45,20	21,24
45,22	21,53
45,25	21,88
45,27	22,23
45,29	22,53
45,32	22,82
45,34	23,11
45,37	23,43
45,39	23,76
45,42	24,05
45,44	24,35
45,47	24,66
45,49	25,03
45,51	25,44
45,54	25,81
45,56	26,18
45,59	26,56
45,61	26,96
45,64	27,38
45,66	27,71
45,68	28,05
45,71	28,37
45,73	28,68
45,76	29,04
45,78	29,37
45,81	29,73
45,83	30,12
45,86	30,50
45,88	30,90
45,90	31,31
45,93	31,68
45,95	32,09
45,98	32,46
46,00	32,81
46,03	33,16
46,05	33,51
46,08	33,87
46,10	34,20
46,12	34,57
46,15	34,86
46,17	35,22
46,20	35,63
46,22	36,03
46,25	36,42
46,27	36,80
46,30	37,12
46,32	37,54
46,34	37,91
46,37	38,23
46,39	38,49
46,42	38,74
46,44	39,03
46,47	39,32
46,49	39,55
46,52	39,80
46,54	40,03
46,56	40,36
46,59	40,64
46,61	40,87
46,64	41,09
46,66	41,35
46,69	41,59
46,71	41,72
46,73	41,81
46,76	41,95
46,78	42,10
46,81	42,24
46,83	42,28
46,86	42,34
46,88	42,55
46,91	42,69
46,93	42,81
46,95	42,84
46,98	42,90
47,00	42,99
47,03	43,04
47,05	42,94
47,08	42,90
47,10	42,86
47,13	42,86
47,15	42,79
47,17	42,69
47,20	42,60
47,22	42,58
47,25	42,48
47,27	42,34
47,30	42,20
47,32	42,00
47,35	41,88
47,37	41,67
47,39	41,45
47,42	41,26
47,44	41,06
47,47	40,87
47,49	40,68
47,52	40,37
47,54	40,15
47,57	39,88
47,59	39,59
47,61	39,25
47,64	38,85
47,66	38,53
47,69	38,22
47,71	37,87
47,74	37,48
47,76	37,11
47,78	36,81
47,81	36,49
47,83	36,10
47,86	35,77
47,88	35,39
47,91	35,07
47,93	34,65
47,96	34,20
47,98	33,81
48,00	33,41
48,03	32,95
48,05	32,53
48,08	32,06
48,10	31,74
48,13	31,34
48,15	30,95
48,18	30,59
48,20	30,24
48,22	29,88
48,25	29,53
48,27	29,11
48,30	28,75
48,32	28,33
48,35	27,93
48,37	27,52
48,40	27,17
48,42	26,85
48,44	26,52
48,47	26,17
48,49	25,89
48,52	25,65
48,54	25,41
48,57	25,09
48,59	24,81
48,62	24,56
48,64	24,28
48,66	24,04
48,69	23,74
48,71	23,47
48,74	23,28
48,76	23,07
48,79	22,83
48,81	22,69
48,84	22,50
48,86	22,39
48,88	22,23
48,91	22,09
48,93	21,97
48,96	21,87
48,98	21,79
49,01	21,70
49,03	21,59
49,05	21,55
49,08	21,52
49,10	21,49
49,13	21,47
49,15	21,41
49,18	21,42
49,20	21,46
49,23	21,49
49,25	21,47
49,27	21,49
49,30	21,57
49,32	21,65
49,35	21,71
49,37	21,77
49,40	21,84
49,42	22,02
49,45	22,16
49,47	22,26
49,49	22,37
49,52	22,53
49,54	22,67
49,57	22,81
49,59	22,90
49,62	23,07
49,64	23,27
49,67	23,47
49,69	23,65
49,71	23,87
49,74	24,16
49,76	24,42
49,79	24,67
49,81	24,90
49,84	25,11
49,86	25,41
49,89	25,67
49,91	25,88
49,93	26,09
49,96	26,26
49,98	26,40
