Voltage U1	Corriente IA
U1/V	IA/nA

0,02	0,51
0,04	0,51
0,07	0,55
0,09	0,57
0,12	0,59
0,14	0,58
0,17	0,57
0,19	0,59
0,21	0,61
0,24	0,59
0,26	0,57
0,29	0,56
0,31	0,58
0,34	0,58
0,36	0,58
0,39	0,57
0,41	0,56
0,43	0,57
0,46	0,54
0,48	0,54
0,51	0,55
0,53	0,52
0,56	0,52
0,58	0,51
0,61	0,52
0,63	0,54
0,65	0,51
0,68	0,51
0,70	0,55
0,73	0,55
0,75	0,55
0,78	0,53
0,80	0,55
0,83	0,56
0,85	0,56
0,87	0,56
0,90	0,54
0,92	0,54
0,95	0,55
0,97	0,53
1,00	0,56
1,02	0,54
1,05	0,53
1,07	0,54
1,09	0,54
1,12	0,55
1,14	0,52
1,17	0,51
1,19	0,52
1,22	0,52
1,24	0,53
1,26	0,51
1,29	0,51
1,31	0,57
1,34	0,55
1,36	0,57
1,39	0,55
1,41	0,56
1,44	0,57
1,46	0,54
1,48	0,52
1,51	0,52
1,53	0,51
1,56	0,52
1,58	0,50
1,61	0,51
1,63	0,55
1,66	0,53
1,68	0,56
1,70	0,56
1,73	0,56
1,75	0,55
1,78	0,53
1,80	0,53
1,83	0,53
1,85	0,52
1,88	0,51
1,90	0,50
1,92	0,55
1,95	0,55
1,97	0,56
2,00	0,57
2,02	0,56
2,05	0,58
2,07	0,59
2,10	0,56
2,12	0,60
2,14	0,58
2,17	0,58
2,19	0,58
2,22	0,57
2,24	0,56
2,27	0,55
2,29	0,54
2,31	0,55
2,34	0,50
2,36	0,49
2,39	0,49
2,41	0,49
2,44	0,51
2,46	0,47
2,49	0,46
2,51	0,49
2,53	0,52
2,56	0,52
2,58	0,51
2,61	0,51
2,63	0,55
2,66	0,55
2,68	0,56
2,71	0,52
2,73	0,54
2,75	0,56
2,78	0,55
2,80	0,55
2,83	0,55
2,85	0,56
2,88	0,57
2,90	0,52
2,93	0,52
2,95	0,52
2,97	0,50
3,00	0,50
3,02	0,48
3,05	0,50
3,07	0,50
3,10	0,50
3,12	0,50
3,15	0,54
3,17	0,55
3,19	0,55
3,22	0,54
3,24	0,56
3,27	0,55
3,29	0,55
3,32	0,53
3,34	0,52
3,36	0,53
3,39	0,51
3,41	0,53
3,44	0,54
3,46	0,54
3,49	0,54
3,51	0,53
3,54	0,53
3,56	0,56
3,58	0,51
3,61	0,51
3,63	0,51
3,66	0,51
3,68	0,50
3,71	0,51
3,73	0,53
3,76	0,56
3,78	0,56
3,80	0,57
3,83	0,58
3,85	0,62
3,88	0,60
3,90	0,58
3,93	0,57
3,95	0,57
3,98	0,58
4,00	0,57
4,02	0,56
4,05	0,58
4,07	0,57
4,10	0,58
4,12	0,58
4,15	0,56
4,17	0,57
4,20	0,53
4,22	0,51
4,24	0,52
4,27	0,52
4,29	0,52
4,32	0,52
4,34	0,54
4,37	0,57
4,39	0,57
4,42	0,59
4,44	0,58
4,46	0,60
4,49	0,63
4,51	0,60
4,54	0,61
4,56	0,62
4,59	0,60
4,61	0,61
4,63	0,58
4,66	0,56
4,68	0,56
4,71	0,57
4,73	0,56
4,76	0,55
4,78	0,54
4,81	0,55
4,83	0,53
4,85	0,55
4,88	0,53
4,90	0,52
4,93	0,52
4,95	0,51
4,98	0,52
5,00	0,53
5,03	0,52
5,05	0,53
5,07	0,54
5,10	0,56
5,12	0,56
5,15	0,55
5,17	0,58
5,20	0,57
5,22	0,56
5,25	0,56
5,27	0,56
5,29	0,57
5,32	0,56
5,34	0,55
5,37	0,58
5,39	0,58
5,42	0,58
5,44	0,58
5,47	0,58
5,49	0,58
5,51	0,53
5,54	0,53
5,56	0,54
5,59	0,53
5,61	0,52
5,64	0,51
5,66	0,54
5,68	0,60
5,71	0,57
5,73	0,57
5,76	0,56
5,78	0,59
5,81	0,59
5,83	0,57
5,86	0,56
5,88	0,58
5,90	0,58
5,93	0,61
5,95	0,56
5,98	0,58
6,00	0,58
6,03	0,58
6,05	0,60
6,08	0,59
6,10	0,58
6,12	0,59
6,15	0,58
6,17	0,58
6,20	0,59
6,22	0,57
6,25	0,58
6,27	0,56
6,30	0,61
6,32	0,61
6,34	0,61
6,37	0,61
6,39	0,63
6,42	0,66
6,44	0,66
6,47	0,63
6,49	0,63
6,52	0,65
6,54	0,66
6,56	0,65
6,59	0,63
6,61	0,65
6,64	0,65
6,66	0,65
6,69	0,63
6,71	0,62
6,73	0,61
6,76	0,59
6,78	0,61
6,81	0,61
6,83	0,60
6,86	0,61
6,88	0,62
6,91	0,67
6,93	0,67
6,95	0,66
6,98	0,68
7,00	0,69
7,03	0,70
7,05	0,70
7,08	0,67
7,10	0,69
7,13	0,68
7,15	0,68
7,17	0,67
7,20	0,66
7,22	0,68
7,25	0,68
7,27	0,67
7,30	0,69
7,32	0,69
7,35	0,67
7,37	0,69
7,39	0,68
7,42	0,70
7,44	0,68
7,47	0,67
7,49	0,68
7,52	0,71
7,54	0,72
7,57	0,70
7,59	0,70
7,61	0,75
7,64	0,77
7,66	0,78
7,69	0,78
7,71	0,79
7,74	0,83
7,76	0,82
7,78	0,81
7,81	0,81
7,83	0,81
7,86	0,81
7,88	0,80
7,91	0,77
7,93	0,80
7,96	0,76
7,98	0,78
8,00	0,77
8,03	0,77
8,05	0,78
8,08	0,78
8,10	0,79
8,13	0,81
8,15	0,78
8,18	0,79
8,20	0,78
8,22	0,81
8,25	0,80
8,27	0,80
8,30	0,80
8,32	0,80
8,35	0,83
8,37	0,84
8,40	0,81
8,42	0,85
8,44	0,85
8,47	0,87
8,49	0,88
8,52	0,86
8,54	0,87
8,57	0,85
8,59	0,83
8,62	0,83
8,64	0,81
8,66	0,83
8,69	0,82
8,71	0,83
8,74	0,87
8,76	0,84
8,79	0,87
8,81	0,89
8,84	0,90
8,86	0,91
8,88	0,90
8,91	0,89
8,93	0,93
8,96	0,90
8,98	0,90
9,01	0,86
9,03	0,88
9,05	0,88
9,08	0,88
9,10	0,90
9,13	0,89
9,15	0,90
9,18	0,90
9,20	0,89
9,23	0,89
9,25	0,90
9,27	0,86
9,30	0,89
9,32	0,90
9,35	0,92
9,37	0,91
9,40	0,91
9,42	0,91
9,45	0,92
9,47	0,91
9,49	0,90
9,52	0,89
9,54	0,91
9,57	0,90
9,59	0,91
9,62	0,91
9,64	0,92
9,67	0,94
9,69	0,94
9,71	0,94
9,74	0,96
9,76	0,97
9,79	0,97
9,81	0,96
9,84	0,96
9,86	0,97
9,89	0,96
9,91	0,96
9,93	0,95
9,96	0,96
9,98	0,98
10,01	0,97
10,03	0,97
10,06	0,99
10,08	0,97
10,10	0,97
10,13	0,95
10,15	0,96
10,18	0,95
10,20	0,97
10,23	0,96
10,25	0,96
10,28	0,97
10,30	0,99
10,32	0,98
10,35	0,99
10,37	0,99
10,40	0,99
10,42	1,01
10,45	1,01
10,47	1,03
10,50	1,00
10,52	1,00
10,54	1,01
10,57	1,01
10,59	1,00
10,62	1,00
10,64	1,00
10,67	1,06
10,69	1,05
10,72	1,04
10,74	1,03
10,76	1,05
10,79	1,06
10,81	1,05
10,84	1,03
10,86	1,05
10,89	1,07
10,91	1,08
10,94	1,06
10,96	1,06
10,98	1,09
11,01	1,08
11,03	1,08
11,06	1,07
11,08	1,08
11,11	1,07
11,13	1,06
11,15	1,07
11,18	1,07
11,20	1,06
11,23	1,09
11,25	1,08
11,28	1,13
11,30	1,14
11,33	1,13
11,35	1,14
11,37	1,17
11,40	1,17
11,42	1,20
11,45	1,18
11,47	1,21
11,50	1,22
11,52	1,24
11,55	1,25
11,57	1,25
11,59	1,27
11,62	1,28
11,64	1,27
11,67	1,31
11,69	1,30
11,72	1,29
11,74	1,31
11,77	1,30
11,79	1,35
11,81	1,34
11,84	1,34
11,86	1,36
11,89	1,38
11,91	1,38
11,94	1,39
11,96	1,38
11,99	1,46
12,01	1,40
12,03	1,42
12,06	1,43
12,08	1,44
12,11	1,46
12,13	1,47
12,16	1,46
12,18	1,53
12,21	1,53
12,23	1,54
12,25	1,52
12,28	1,54
12,30	1,54
12,33	1,50
12,35	1,52
12,38	1,52
12,40	1,54
12,42	1,56
12,45	1,55
12,47	1,58
12,50	1,61
12,52	1,62
12,55	1,63
12,57	1,60
12,60	1,65
12,62	1,65
12,64	1,65
12,67	1,66
12,69	1,63
12,72	1,66
12,74	1,69
12,77	1,66
12,79	1,66
12,82	1,66
12,84	1,68
12,86	1,70
12,89	1,70
12,91	1,71
12,94	1,69
12,96	1,72
12,99	1,71
13,01	1,71
13,04	1,71
13,06	1,70
13,08	1,71
13,11	1,74
13,13	1,74
13,16	1,76
13,18	1,75
13,21	1,78
13,23	1,79
13,26	1,78
13,28	1,79
13,30	1,79
13,33	1,77
13,35	1,77
13,38	1,74
13,40	1,75
13,43	1,74
13,45	1,72
13,47	1,71
13,50	1,70
13,52	1,72
13,55	1,70
13,57	1,68
13,60	1,69
13,62	1,69
13,65	1,68
13,67	1,68
13,69	1,66
13,72	1,68
13,74	1,67
13,77	1,66
13,79	1,65
13,82	1,68
13,84	1,67
13,87	1,67
13,89	1,65
13,91	1,66
13,94	1,65
13,96	1,65
13,99	1,63
14,01	1,63
14,04	1,65
14,06	1,66
14,09	1,65
14,11	1,66
14,13	1,65
14,16	1,65
14,18	1,62
14,21	1,60
14,23	1,60
14,26	1,53
14,28	1,54
14,31	1,53
14,33	1,54
14,35	1,54
14,38	1,53
14,40	1,52
14,43	1,59
14,45	1,57
14,48	1,58
14,50	1,56
14,52	1,58
14,55	1,57
14,57	1,57
14,60	1,53
14,62	1,53
14,65	1,52
14,67	1,52
14,70	1,50
14,72	1,50
14,74	1,50
14,77	1,52
14,79	1,53
14,82	1,52
14,84	1,54
14,87	1,51
14,89	1,52
14,92	1,52
14,94	1,50
14,96	1,51
14,99	1,51
15,01	1,51
15,04	1,56
15,06	1,55
15,09	1,56
15,11	1,58
15,14	1,59
15,16	1,61
15,18	1,60
15,21	1,60
15,23	1,63
15,26	1,63
15,28	1,66
15,31	1,65
15,33	1,66
15,36	1,68
15,38	1,67
15,40	1,68
15,43	1,69
15,45	1,68
15,48	1,68
15,50	1,70
15,53	1,72
15,55	1,74
15,57	1,73
15,60	1,75
15,62	1,77
15,65	1,84
15,67	1,83
15,70	1,83
15,72	1,89
15,75	1,93
15,77	1,95
15,79	1,96
15,82	1,92
15,84	1,98
15,87	2,00
15,89	2,00
15,92	2,00
15,94	2,02
15,97	2,07
15,99	2,11
16,01	2,11
16,04	2,14
16,06	2,16
16,09	2,19
16,11	2,19
16,14	2,20
16,16	2,24
16,19	2,25
16,21	2,28
16,23	2,31
16,26	2,35
16,28	2,41
16,31	2,43
16,33	2,46
16,36	2,53
16,38	2,55
16,41	2,62
16,43	2,62
16,45	2,66
16,48	2,69
16,50	2,72
16,53	2,74
16,55	2,79
16,58	2,80
16,60	2,86
16,63	2,88
16,65	2,93
16,67	2,95
16,70	2,96
16,72	2,98
16,75	2,98
16,77	3,03
16,80	3,04
16,82	3,07
16,84	3,10
16,87	3,17
16,89	3,21
16,92	3,27
16,94	3,27
16,97	3,33
16,99	3,34
17,02	3,39
17,04	3,40
17,06	3,42
17,09	3,43
17,11	3,46
17,14	3,47
17,16	3,51
17,19	3,50
17,21	3,52
17,24	3,54
17,26	3,57
17,28	3,61
17,31	3,60
17,33	3,60
17,36	3,64
17,38	3,66
17,41	3,67
17,43	3,68
17,46	3,66
17,48	3,69
17,50	3,69
17,53	3,68
17,55	3,67
17,58	3,69
17,60	3,68
17,63	3,63
17,65	3,64
17,68	3,63
17,70	3,63
17,72	3,63
17,75	3,58
17,77	3,61
17,80	3,63
17,82	3,61
17,85	3,60
17,87	3,58
17,89	3,59
17,92	3,57
17,94	3,52
17,97	3,52
17,99	3,49
18,02	3,46
18,04	3,43
18,07	3,40
18,09	3,39
18,11	3,36
18,14	3,33
18,16	3,31
18,19	3,33
18,21	3,31
18,24	3,27
18,26	3,25
18,29	3,26
18,31	3,25
18,33	3,23
18,36	3,17
18,38	3,15
18,41	3,14
18,43	3,10
18,46	3,06
18,48	3,03
18,51	3,00
18,53	2,96
18,55	2,92
18,58	2,90
18,60	2,87
18,63	2,82
18,65	2,79
18,68	2,76
18,70	2,76
18,73	2,73
18,75	2,69
18,77	2,67
18,80	2,69
18,82	2,66
18,85	2,64
18,87	2,61
18,90	2,61
18,92	2,59
18,94	2,57
18,97	2,54
18,99	2,49
19,02	2,48
19,04	2,46
19,07	2,44
19,09	2,42
19,12	2,40
19,14	2,38
19,16	2,39
19,19	2,36
19,21	2,36
19,24	2,31
19,26	2,30
19,29	2,29
19,31	2,29
19,34	2,28
19,36	2,26
19,38	2,25
19,41	2,30
19,43	2,28
19,46	2,27
19,48	2,24
19,51	2,25
19,53	2,26
19,56	2,24
19,58	2,22
19,60	2,23
19,63	2,23
19,65	2,28
19,68	2,26
19,70	2,27
19,73	2,28
19,75	2,28
19,78	2,29
19,80	2,30
19,82	2,28
19,85	2,28
19,87	2,26
19,90	2,28
19,92	2,29
19,95	2,30
19,97	2,33
19,99	2,33
20,02	2,40
20,04	2,43
20,07	2,45
20,09	2,47
20,12	2,50
20,14	2,53
20,17	2,57
20,19	2,54
20,21	2,57
20,24	2,58
20,26	2,61
20,29	2,63
20,31	2,64
20,34	2,69
20,36	2,73
20,39	2,76
20,41	2,82
20,43	2,86
20,46	2,88
20,48	2,93
20,51	2,96
20,53	3,01
20,56	3,05
20,58	3,09
20,61	3,14
20,63	3,22
20,65	3,27
20,68	3,32
20,70	3,38
20,73	3,45
20,75	3,49
20,78	3,56
20,80	3,59
20,83	3,66
20,85	3,71
20,87	3,75
20,90	3,80
20,92	3,86
20,95	3,90
20,97	3,97
21,00	4,02
21,02	4,10
21,05	4,17
21,07	4,22
21,09	4,29
21,12	4,35
21,14	4,45
21,17	4,50
21,19	4,55
21,22	4,63
21,24	4,74
21,26	4,81
21,29	4,88
21,31	4,92
21,34	5,03
21,36	5,11
21,39	5,16
21,41	5,23
21,44	5,30
21,46	5,39
21,48	5,47
21,51	5,53
21,53	5,62
21,56	5,67
21,58	5,74
21,61	5,81
21,63	5,88
21,66	5,96
21,68	5,99
21,70	6,05
21,73	6,13
21,75	6,20
21,78	6,29
21,80	6,34
21,83	6,40
21,85	6,50
21,88	6,56
21,90	6,61
21,92	6,66
21,95	6,72
21,97	6,78
22,00	6,79
22,02	6,82
22,05	6,86
22,07	6,90
22,10	6,94
22,12	6,93
22,14	6,96
22,17	6,99
22,19	7,01
22,22	7,02
22,24	7,01
22,27	7,02
22,29	7,00
22,31	6,99
22,34	7,00
22,36	6,98
22,39	6,96
22,41	6,94
22,44	6,91
22,46	6,93
22,49	6,88
22,51	6,85
22,53	6,81
22,56	6,78
22,58	6,74
22,61	6,68
22,63	6,62
22,66	6,60
22,68	6,53
22,71	6,50
22,73	6,42
22,75	6,39
22,78	6,34
22,80	6,25
22,83	6,18
22,85	6,13
22,88	6,06
22,90	5,99
22,93	5,90
22,95	5,84
22,97	5,79
23,00	5,78
23,02	5,74
23,05	5,65
23,07	5,61
23,10	5,55
23,12	5,47
23,15	5,40
23,17	5,28
23,19	5,18
23,22	5,11
23,24	5,05
23,27	4,99
23,29	4,91
23,32	4,83
23,34	4,75
23,36	4,68
23,39	4,62
23,41	4,53
23,44	4,44
23,46	4,40
23,49	4,33
23,51	4,26
23,54	4,18
23,56	4,10
23,58	4,08
23,61	3,98
23,63	3,91
23,66	3,86
23,68	3,82
23,71	3,78
23,73	3,73
23,76	3,66
23,78	3,68
23,80	3,64
23,83	3,62
23,85	3,56
23,88	3,54
23,90	3,51
23,93	3,47
23,95	3,43
23,98	3,40
24,00	3,37
24,02	3,37
24,05	3,34
24,07	3,32
24,10	3,29
24,12	3,26
24,15	3,23
24,17	3,21
24,20	3,19
24,22	3,15
24,24	3,13
24,27	3,14
24,29	3,15
24,32	3,15
24,34	3,15
24,37	3,12
24,39	3,18
24,42	3,18
24,44	3,16
24,46	3,17
24,49	3,21
24,51	3,24
24,54	3,26
24,56	3,24
24,59	3,28
24,61	3,30
24,63	3,33
24,66	3,34
24,68	3,35
24,71	3,41
24,73	3,43
24,76	3,46
24,78	3,50
24,81	3,53
24,83	3,56
24,85	3,59
24,88	3,62
24,90	3,68
24,93	3,73
24,95	3,79
24,98	3,83
25,00	3,93
25,03	4,00
25,05	4,05
25,07	4,12
25,10	4,18
25,12	4,24
25,15	4,30
25,17	4,34
25,20	4,40
25,22	4,46
25,25	4,52
25,27	4,59
25,29	4,68
25,32	4,78
25,34	4,84
25,37	4,91
25,39	5,03
25,42	5,11
25,44	5,16
25,47	5,23
25,49	5,29
25,51	5,39
25,54	5,46
25,56	5,52
25,59	5,63
25,61	5,78
25,64	5,87
25,66	5,97
25,68	6,08
25,71	6,24
25,73	6,37
25,76	6,46
25,78	6,53
25,81	6,64
25,83	6,73
25,86	6,82
25,88	6,88
25,90	6,98
25,93	7,10
25,95	7,21
25,98	7,33
26,00	7,49
26,03	7,64
26,05	7,74
26,08	7,88
26,10	8,02
26,12	8,15
26,15	8,26
26,17	8,35
26,20	8,47
26,22	8,62
26,25	8,72
26,27	8,86
26,30	8,99
26,32	9,16
26,34	9,30
26,37	9,44
26,39	9,60
26,42	9,74
26,44	9,86
26,47	9,97
26,49	10,05
26,52	10,16
26,54	10,25
26,56	10,32
26,59	10,43
26,61	10,51
26,64	10,63
26,66	10,73
26,69	10,85
26,71	10,99
26,73	11,06
26,76	11,14
26,78	11,23
26,81	11,31
26,83	11,42
26,86	11,45
26,88	11,50
26,91	11,58
26,93	11,66
26,95	11,70
26,98	11,73
27,00	11,75
27,03	11,82
27,05	11,81
27,08	11,81
27,10	11,75
27,13	11,75
27,15	11,76
27,17	11,71
27,20	11,67
27,22	11,66
27,25	11,66
27,27	11,63
27,30	11,57
27,32	11,53
27,35	11,47
27,37	11,40
27,39	11,35
27,42	11,22
27,44	11,18
27,47	11,09
27,49	10,98
27,52	10,88
27,54	10,80
27,57	10,69
27,59	10,62
27,61	10,49
27,64	10,41
27,66	10,29
27,69	10,19
27,71	10,05
27,74	9,91
27,76	9,77
27,78	9,61
27,81	9,45
27,83	9,31
27,86	9,16
27,88	9,03
27,91	8,89
27,93	8,76
27,96	8,64
27,98	8,49
28,00	8,37
28,03	8,24
28,05	8,08
28,08	7,93
28,10	7,76
28,13	7,62
28,15	7,50
28,18	7,34
28,20	7,21
28,22	7,08
28,25	6,96
28,27	6,86
28,30	6,72
28,32	6,60
28,35	6,48
28,37	6,36
28,40	6,24
28,42	6,11
28,44	6,03
28,47	5,91
28,49	5,80
28,52	5,70
28,54	5,60
28,57	5,55
28,59	5,44
28,62	5,34
28,64	5,30
28,66	5,24
28,69	5,17
28,71	5,10
28,74	5,01
28,76	5,00
28,79	4,93
28,81	4,86
28,84	4,80
28,86	4,77
28,88	4,74
28,91	4,71
28,93	4,64
28,96	4,62
28,98	4,60
29,01	4,59
29,03	4,55
29,05	4,53
29,08	4,50
29,10	4,50
29,13	4,49
29,15	4,47
29,18	4,46
29,20	4,45
29,23	4,44
29,25	4,47
29,27	4,48
29,30	4,47
29,32	4,51
29,35	4,54
29,37	4,62
29,40	4,67
29,42	4,67
29,45	4,73
29,47	4,80
29,49	4,85
29,52	4,89
29,54	4,92
29,57	4,99
29,59	5,06
29,62	5,10
29,64	5,15
29,67	5,19
29,69	5,28
29,71	5,33
29,74	5,39
29,76	5,48
29,79	5,59
29,81	5,66
29,84	5,75
29,86	5,81
29,89	5,96
29,91	6,05
29,93	6,13
29,96	6,20
29,98	6,32
30,01	6,42
30,03	6,52
30,06	6,58
30,08	6,71
30,10	6,81
30,13	6,94
30,15	7,04
30,18	7,17
30,20	7,31
30,23	7,42
30,25	7,54
30,28	7,67
30,30	7,78
30,32	7,93
30,35	8,05
30,37	8,17
30,40	8,32
30,42	8,43
30,45	8,58
30,47	8,75
30,50	8,89
30,52	9,05
30,54	9,21
30,57	9,42
30,59	9,63
30,62	9,79
30,64	9,99
30,67	10,12
30,69	10,33
30,72	10,49
30,74	10,61
30,76	10,77
30,79	10,95
30,81	11,11
30,84	11,31
30,86	11,44
30,89	11,65
30,91	11,86
30,94	12,03
30,96	12,22
30,98	12,40
31,01	12,60
31,03	12,78
31,06	12,94
31,08	13,12
31,11	13,31
31,13	13,47
31,15	13,65
31,18	13,83
31,20	14,07
31,23	14,27
31,25	14,46
31,28	14,63
31,30	14,87
31,33	15,08
31,35	15,23
31,37	15,39
31,40	15,56
31,42	15,73
31,45	15,91
31,47	16,03
31,50	16,18
31,52	16,38
31,55	16,54
31,57	16,68
31,59	16,83
31,62	16,99
31,64	17,13
31,67	17,27
31,69	17,37
31,72	17,47
31,74	17,58
31,77	17,67
31,79	17,70
31,81	17,80
31,84	17,84
31,86	17,92
31,89	18,00
31,91	18,05
31,94	18,07
31,96	18,16
31,99	18,17
32,01	18,17
32,03	18,14
32,06	18,11
32,08	18,09
32,11	18,07
32,13	18,00
32,16	17,92
32,18	17,88
32,20	17,82
32,23	17,73
32,25	17,62
32,28	17,48
32,30	17,39
32,33	17,29
32,35	17,11
32,38	16,95
32,40	16,81
32,42	16,71
32,45	16,58
32,47	16,40
32,50	16,27
32,52	16,16
32,55	16,00
32,57	15,80
32,60	15,55
32,62	15,36
32,64	15,13
32,67	14,90
32,69	14,63
32,72	14,38
32,74	14,19
32,77	14,01
32,79	13,80
32,82	13,63
32,84	13,39
32,86	13,20
32,89	12,98
32,91	12,74
32,94	12,51
32,96	12,21
32,99	11,95
33,01	11,71
33,04	11,48
33,06	11,26
33,08	11,01
33,11	10,80
33,13	10,65
33,16	10,45
33,18	10,29
33,21	10,09
33,23	9,91
33,26	9,78
33,28	9,58
33,30	9,39
33,33	9,21
33,35	9,01
33,38	8,86
33,40	8,67
33,43	8,46
33,45	8,33
33,47	8,20
33,50	8,08
33,52	7,97
33,55	7,84
33,57	7,73
33,60	7,64
33,62	7,55
33,65	7,42
33,67	7,30
33,69	7,23
33,72	7,13
33,74	7,10
33,77	7,00
33,79	6,94
33,82	6,90
33,84	6,86
33,87	6,80
33,89	6,76
33,91	6,68
33,94	6,68
33,96	6,66
33,99	6,63
34,01	6,63
34,04	6,62
34,06	6,63
34,09	6,66
34,11	6,65
34,13	6,67
34,16	6,67
34,18	6,67
34,21	6,68
34,23	6,69
34,26	6,72
34,28	6,75
34,31	6,79
34,33	6,86
34,35	6,95
34,38	7,05
34,40	7,13
34,43	7,22
34,45	7,33
34,48	7,42
34,50	7,51
34,52	7,57
34,55	7,64
34,57	7,75
34,60	7,86
34,62	7,95
34,65	8,05
34,67	8,16
34,70	8,30
34,72	8,43
34,74	8,57
34,77	8,70
34,79	8,82
34,82	8,99
34,84	9,13
34,87	9,27
34,89	9,39
34,92	9,52
34,94	9,68
34,96	9,88
34,99	10,03
35,01	10,22
35,04	10,38
35,06	10,62
35,09	10,82
35,11	11,01
35,14	11,19
35,16	11,37
35,18	11,54
35,21	11,73
35,23	11,87
35,26	12,05
35,28	12,22
35,31	12,42
35,33	12,61
35,36	12,82
35,38	13,06
35,40	13,28
35,43	13,50
35,45	13,76
35,48	13,99
35,50	14,24
35,53	14,49
35,55	14,71
35,57	14,96
35,60	15,17
35,62	15,38
35,65	15,63
35,67	15,88
35,70	16,12
35,72	16,35
35,75	16,59
35,77	16,88
35,79	17,15
35,82	17,41
35,84	17,65
35,87	17,93
35,89	18,19
35,92	18,43
35,94	18,67
35,97	18,91
35,99	19,15
36,01	19,38
36,04	19,60
36,06	19,90
36,09	20,21
36,11	20,47
36,14	20,77
36,16	21,04
36,19	21,35
36,21	21,63
36,23	21,87
36,26	22,10
36,28	22,35
36,31	22,57
36,33	22,80
36,36	23,03
36,38	23,29
36,41	23,52
36,43	23,73
36,45	23,96
36,48	24,23
36,50	24,46
36,53	24,66
36,55	24,80
36,58	25,02
36,60	25,20
36,62	25,30
36,65	25,43
36,67	25,55
36,70	25,71
36,72	25,83
36,75	25,90
36,77	26,03
36,80	26,21
36,82	26,30
36,84	26,34
36,87	26,39
36,89	26,46
36,92	26,53
36,94	26,56
36,97	26,51
36,99	26,49
37,02	26,50
37,04	26,49
37,06	26,43
37,09	26,33
37,11	26,27
37,14	26,21
37,16	26,10
37,19	25,94
37,21	25,78
37,24	25,62
37,26	25,50
37,28	25,35
37,31	25,15
37,33	24,95
37,36	24,82
37,38	24,65
37,41	24,45
37,43	24,24
37,46	23,98
37,48	23,77
37,50	23,56
37,53	23,25
37,55	22,97
37,58	22,69
37,60	22,40
37,63	22,15
37,65	21,84
37,68	21,58
37,70	21,34
37,72	21,05
37,75	20,75
37,77	20,43
37,80	20,10
37,82	19,78
37,85	19,43
37,87	19,10
37,89	18,75
37,92	18,41
37,94	18,06
37,97	17,72
37,99	17,45
38,02	17,14
38,04	16,82
38,07	16,55
38,09	16,28
38,11	16,06
38,14	15,78
38,16	15,44
38,19	15,14
38,21	14,87
38,24	14,58
38,26	14,26
38,29	13,93
38,31	13,72
38,33	13,48
38,36	13,27
38,38	13,02
38,41	12,82
38,43	12,67
38,46	12,47
38,48	12,24
38,51	12,05
38,53	11,86
38,55	11,71
38,58	11,52
38,60	11,33
38,63	11,20
38,65	11,07
38,68	10,97
38,70	10,84
38,73	10,75
38,75	10,67
38,77	10,61
38,80	10,55
38,82	10,49
38,85	10,41
38,87	10,38
38,90	10,31
38,92	10,29
38,94	10,23
38,97	10,19
38,99	10,19
39,02	10,19
39,04	10,17
39,07	10,17
39,09	10,16
39,12	10,20
39,14	10,24
39,16	10,23
39,19	10,28
39,21	10,36
39,24	10,45
39,26	10,51
39,29	10,58
39,31	10,66
39,34	10,82
39,36	10,92
39,38	10,97
39,41	11,05
39,43	11,19
39,46	11,32
39,48	11,43
39,51	11,50
39,53	11,63
39,56	11,81
39,58	11,97
39,60	12,09
39,63	12,26
39,65	12,44
39,68	12,63
39,70	12,83
39,73	12,99
39,75	13,18
39,78	13,36
39,80	13,55
39,82	13,73
39,85	13,92
39,87	14,13
39,90	14,35
39,92	14,59
39,95	14,85
39,97	15,08
39,99	15,34
40,02	15,60
40,04	15,85
40,07	16,04
40,09	16,22
40,12	16,46
40,14	16,73
40,17	16,96
40,19	17,19
40,21	17,43
40,24	17,74
40,26	18,07
40,29	18,34
40,31	18,61
40,34	18,92
40,36	19,21
40,39	19,51
40,41	19,80
40,43	20,08
40,46	20,37
40,48	20,64
40,51	20,93
40,53	21,21
40,56	21,56
40,58	21,88
40,61	22,20
40,63	22,55
40,65	22,91
40,68	23,26
40,70	23,64
40,73	23,96
40,75	24,34
40,78	24,64
40,80	24,94
40,83	25,27
40,85	25,59
40,87	25,94
40,90	26,23
40,92	26,52
40,95	26,91
40,97	27,29
41,00	27,64
41,02	27,99
41,05	28,33
41,07	28,72
41,09	29,05
41,12	29,36
41,14	29,70
41,17	30,03
41,19	30,35
41,22	30,64
41,24	30,92
41,26	31,27
41,29	31,62
41,31	31,94
41,34	32,18
41,36	32,51
41,39	32,81
41,41	33,12
41,44	33,41
41,46	33,64
41,48	33,86
41,51	34,14
41,53	34,33
41,56	34,55
41,58	34,73
41,61	34,89
41,63	35,11
41,66	35,31
41,68	35,45
41,70	35,60
41,73	35,73
41,75	35,91
41,78	36,05
41,80	36,09
41,83	36,14
41,85	36,25
41,88	36,32
41,90	36,32
41,92	36,30
41,95	36,27
41,97	36,33
42,00	36,33
42,02	36,23
42,05	36,17
42,07	36,16
42,10	36,10
42,12	36,02
42,14	35,84
42,17	35,74
42,19	35,68
42,22	35,53
42,24	35,32
42,27	35,11
42,29	34,94
42,31	34,80
42,34	34,58
42,36	34,30
42,39	34,03
42,41	33,81
42,44	33,56
42,46	33,24
42,49	32,95
42,51	32,63
42,53	32,39
42,56	32,10
42,58	31,79
42,61	31,48
42,63	31,16
42,66	30,81
42,68	30,46
42,71	30,02
42,73	29,67
42,75	29,26
42,78	28,86
42,80	28,44
42,83	27,99
42,85	27,60
42,88	27,27
42,90	26,89
42,93	26,53
42,95	26,15
42,97	25,80
43,00	25,44
43,02	25,06
43,05	24,67
43,07	24,23
43,10	23,86
43,12	23,45
43,15	23,06
43,17	22,72
43,19	22,34
43,22	21,99
43,24	21,67
43,27	21,32
43,29	21,06
43,32	20,73
43,34	20,41
43,36	20,13
43,39	19,81
43,41	19,53
43,44	19,21
43,46	18,88
43,49	18,65
43,51	18,37
43,54	18,07
43,56	17,86
43,58	17,68
43,61	17,53
43,63	17,34
43,66	17,13
43,68	16,97
43,71	16,90
43,73	16,75
43,76	16,54
43,78	16,38
43,80	16,27
43,83	16,17
43,85	16,08
43,88	15,91
43,90	15,83
43,93	15,80
43,95	15,73
43,98	15,68
44,00	15,63
44,02	15,60
44,05	15,61
44,07	15,60
44,10	15,59
44,12	15,63
44,15	15,64
44,17	15,69
44,20	15,73
44,22	15,78
44,24	15,84
44,27	15,92
44,29	16,02
44,32	16,13
44,34	16,21
44,37	16,33
44,39	16,47
44,41	16,61
44,44	16,72
44,46	16,83
44,49	17,00
44,51	17,19
44,54	17,36
44,56	17,53
44,59	17,70
44,61	17,91
44,63	18,12
44,66	18,28
44,68	18,46
44,71	18,68
44,73	18,90
44,76	19,11
44,78	19,35
44,81	19,60
44,83	19,90
44,85	20,18
44,88	20,45
44,90	20,73
44,93	21,09
44,95	21,36
44,98	21,61
45,00	21,87
45,03	22,14
45,05	22,48
45,07	22,77
45,10	23,02
45,12	23,38
45,15	23,72
45,17	24,07
45,20	24,44
45,22	24,76
45,25	25,16
45,27	25,53
45,29	25,90
45,32	26,26
45,34	26,60
45,37	26,93
45,39	27,28
45,42	27,60
45,44	27,98
45,47	28,30
45,49	28,73
45,51	29,16
45,54	29,59
45,56	30,02
45,59	30,43
45,61	30,89
45,64	31,39
45,66	31,78
45,68	32,14
45,71	32,50
45,73	32,92
45,76	33,36
45,78	33,71
45,81	34,09
45,83	34,51
45,86	34,96
45,88	35,43
45,90	35,86
45,93	36,31
45,95	36,76
45,98	37,18
46,00	37,58
46,03	38,00
46,05	38,40
46,08	38,81
46,10	39,17
46,12	39,56
46,15	39,95
46,17	40,38
46,20	40,80
46,22	41,24
46,25	41,67
46,27	42,06
46,30	42,46
46,32	42,87
46,34	43,30
46,37	43,69
46,39	43,97
46,42	44,26
46,44	44,63
46,47	44,98
46,49	45,32
46,52	45,54
46,54	45,85
46,56	46,19
46,59	46,46
46,61	46,72
46,64	46,96
46,66	47,19
46,69	47,47
46,71	47,63
46,73	47,81
46,76	48,02
46,78	48,20
46,81	48,34
46,83	48,41
46,86	48,55
46,88	48,69
46,91	48,83
46,93	48,94
46,95	48,98
46,98	49,06
47,00	49,17
47,03	49,19
47,05	49,23
47,08	49,14
47,10	49,13
47,13	49,13
47,15	49,08
47,17	48,97
47,20	48,83
47,22	48,72
47,25	48,66
47,27	48,49
47,30	48,27
47,32	48,04
47,35	47,89
47,37	47,71
47,39	47,49
47,42	47,26
47,44	47,01
47,47	46,86
47,49	46,61
47,52	46,29
47,54	46,02
47,57	45,70
47,59	45,39
47,61	45,04
47,64	44,60
47,66	44,28
47,69	43,89
47,71	43,49
47,74	43,04
47,76	42,62
47,78	42,28
47,81	41,92
47,83	41,54
47,86	41,19
47,88	40,75
47,91	40,37
47,93	39,92
47,96	39,48
47,98	39,03
48,00	38,49
48,03	38,02
48,05	37,56
48,08	37,14
48,10	36,76
48,13	36,27
48,15	35,84
48,18	35,47
48,20	35,00
48,22	34,62
48,25	34,15
48,27	33,66
48,30	33,27
48,32	32,79
48,35	32,33
48,37	31,93
48,40	31,48
48,42	31,09
48,44	30,72
48,47	30,34
48,49	30,03
48,52	29,74
48,54	29,47
48,57	29,18
48,59	28,87
48,62	28,57
48,64	28,26
48,66	27,98
48,69	27,67
48,71	27,36
48,74	27,14
48,76	26,92
48,79	26,72
48,81	26,50
48,84	26,29
48,86	26,18
48,88	26,03
48,91	25,84
48,93	25,71
48,96	25,55
48,98	25,48
49,01	25,39
49,03	25,25
49,05	25,18
49,08	25,16
49,10	25,15
49,13	25,12
49,15	25,06
49,18	25,07
49,20	25,09
49,23	25,10
49,25	25,09
49,27	25,10
49,30	25,23
49,32	25,33
49,35	25,40
49,37	25,50
49,40	25,62
49,42	25,80
49,45	25,97
49,47	26,08
49,49	26,22
49,52	26,35
49,54	26,55
49,57	26,72
49,59	26,87
49,62	27,06
49,64	27,29
49,67	27,53
49,69	27,81
49,71	28,04
49,74	28,30
49,76	28,58
49,79	28,87
49,81	29,15
49,84	29,39
49,86	29,68
49,89	30,02
49,91	30,35
49,93	30,63
49,96	30,86
49,98	31,04
