Voltage U1	Corriente IA
U1/V	IA/nA

0,02	0,61
0,04	0,61
0,07	0,59
0,09	0,56
0,12	0,54
0,14	0,55
0,17	0,55
0,19	0,50
0,21	0,50
0,24	0,51
0,26	0,51
0,29	0,52
0,31	0,51
0,34	0,52
0,36	0,56
0,39	0,54
0,41	0,55
0,43	0,54
0,46	0,56
0,48	0,56
0,51	0,56
0,53	0,58
0,56	0,59
0,58	0,59
0,61	0,60
0,63	0,59
0,65	0,60
0,68	0,60
0,70	0,58
0,73	0,58
0,75	0,57
0,78	0,57
0,80	0,55
0,83	0,54
0,85	0,56
0,87	0,55
0,90	0,55
0,92	0,56
0,95	0,55
0,97	0,54
1,00	0,52
1,02	0,50
1,05	0,51
1,07	0,53
1,09	0,54
1,12	0,53
1,14	0,54
1,17	0,55
1,19	0,57
1,22	0,58
1,24	0,55
1,26	0,55
1,29	0,57
1,31	0,55
1,34	0,57
1,36	0,55
1,39	0,53
1,41	0,56
1,44	0,53
1,46	0,55
1,48	0,57
1,51	0,55
1,53	0,57
1,56	0,58
1,58	0,57
1,61	0,56
1,63	0,54
1,66	0,55
1,68	0,58
1,70	0,56
1,73	0,56
1,75	0,57
1,78	0,59
1,80	0,59
1,83	0,59
1,85	0,57
1,88	0,58
1,90	0,59
1,92	0,57
1,95	0,55
1,97	0,57
2,00	0,55
2,02	0,57
2,05	0,56
2,07	0,56
2,10	0,56
2,12	0,53
2,14	0,53
2,17	0,54
2,19	0,52
2,22	0,53
2,24	0,52
2,27	0,55
2,29	0,60
2,31	0,58
2,34	0,58
2,36	0,58
2,39	0,60
2,41	0,59
2,44	0,58
2,46	0,56
2,49	0,58
2,51	0,58
2,53	0,57
2,56	0,53
2,58	0,54
2,61	0,54
2,63	0,54
2,66	0,52
2,68	0,51
2,71	0,51
2,73	0,52
2,75	0,51
2,78	0,53
2,80	0,51
2,83	0,51
2,85	0,50
2,88	0,51
2,90	0,56
2,93	0,55
2,95	0,55
2,97	0,56
3,00	0,56
3,02	0,59
3,05	0,58
3,07	0,55
3,10	0,57
3,12	0,55
3,15	0,55
3,17	0,56
3,19	0,56
3,22	0,57
3,24	0,57
3,27	0,56
3,29	0,58
3,32	0,57
3,34	0,57
3,36	0,55
3,39	0,54
3,41	0,53
3,44	0,50
3,46	0,51
3,49	0,51
3,51	0,54
3,54	0,54
3,56	0,53
3,58	0,53
3,61	0,57
3,63	0,57
3,66	0,58
3,68	0,56
3,71	0,58
3,73	0,60
3,76	0,59
3,78	0,58
3,80	0,58
3,83	0,57
3,85	0,57
3,88	0,55
3,90	0,56
3,93	0,56
3,95	0,56
3,98	0,56
4,00	0,54
4,02	0,54
4,05	0,52
4,07	0,51
4,10	0,53
4,12	0,53
4,15	0,53
4,17	0,55
4,20	0,54
4,22	0,56
4,24	0,55
4,27	0,55
4,29	0,56
4,32	0,56
4,34	0,59
4,37	0,57
4,39	0,57
4,42	0,59
4,44	0,58
4,46	0,58
4,49	0,57
4,51	0,55
4,54	0,57
4,56	0,55
4,59	0,54
4,61	0,53
4,63	0,52
4,66	0,53
4,68	0,52
4,71	0,51
4,73	0,54
4,76	0,53
4,78	0,53
4,81	0,53
4,83	0,55
4,85	0,55
4,88	0,54
4,90	0,56
4,93	0,56
4,95	0,58
4,98	0,58
5,00	0,56
5,03	0,59
5,05	0,59
5,07	0,55
5,10	0,57
5,12	0,56
5,15	0,56
5,17	0,53
5,20	0,52
5,22	0,53
5,25	0,53
5,27	0,52
5,29	0,51
5,32	0,51
5,34	0,53
5,37	0,51
5,39	0,53
5,42	0,54
5,44	0,57
5,47	0,59
5,49	0,57
5,51	0,59
5,54	0,61
5,56	0,59
5,59	0,60
5,61	0,56
5,64	0,56
5,66	0,58
5,68	0,58
5,71	0,59
5,73	0,59
5,76	0,60
5,78	0,62
5,81	0,61
5,83	0,62
5,86	0,60
5,88	0,58
5,90	0,56
5,93	0,54
5,95	0,55
5,98	0,54
6,00	0,53
6,03	0,53
6,05	0,56
6,08	0,58
6,10	0,58
6,12	0,58
6,15	0,60
6,17	0,60
6,20	0,62
6,22	0,60
6,25	0,59
6,27	0,62
6,30	0,61
6,32	0,60
6,34	0,60
6,37	0,58
6,39	0,60
6,42	0,60
6,44	0,58
6,47	0,59
6,49	0,58
6,52	0,59
6,54	0,60
6,56	0,60
6,59	0,59
6,61	0,59
6,64	0,59
6,66	0,64
6,69	0,63
6,71	0,65
6,73	0,63
6,76	0,67
6,78	0,68
6,81	0,66
6,83	0,65
6,86	0,66
6,88	0,65
6,91	0,66
6,93	0,65
6,95	0,66
6,98	0,68
7,00	0,68
7,03	0,70
7,05	0,69
7,08	0,70
7,10	0,68
7,13	0,66
7,15	0,67
7,17	0,66
7,20	0,63
7,22	0,65
7,25	0,67
7,27	0,72
7,30	0,71
7,32	0,71
7,35	0,72
7,37	0,75
7,39	0,76
7,42	0,72
7,44	0,68
7,47	0,70
7,49	0,70
7,52	0,71
7,54	0,68
7,57	0,68
7,59	0,72
7,61	0,73
7,64	0,73
7,66	0,72
7,69	0,73
7,71	0,73
7,74	0,72
7,76	0,72
7,78	0,72
7,81	0,72
7,83	0,72
7,86	0,71
7,88	0,75
7,91	0,76
7,93	0,74
7,96	0,76
7,98	0,78
8,00	0,78
8,03	0,79
8,05	0,77
8,08	0,78
8,10	0,77
8,13	0,75
8,15	0,73
8,18	0,73
8,20	0,73
8,22	0,73
8,25	0,71
8,27	0,75
8,30	0,75
8,32	0,74
8,35	0,75
8,37	0,71
8,40	0,74
8,42	0,73
8,44	0,71
8,47	0,74
8,49	0,77
8,52	0,78
8,54	0,81
8,57	0,80
8,59	0,84
8,62	0,84
8,64	0,85
8,66	0,83
8,69	0,84
8,71	0,85
8,74	0,83
8,76	0,80
8,79	0,81
8,81	0,79
8,84	0,79
8,86	0,78
8,88	0,80
8,91	0,82
8,93	0,80
8,96	0,80
8,98	0,81
9,01	0,82
9,03	0,82
9,05	0,80
9,08	0,82
9,10	0,86
9,13	0,86
9,15	0,87
9,18	0,88
9,20	0,92
9,23	0,91
9,25	0,89
9,27	0,89
9,30	0,90
9,32	0,89
9,35	0,88
9,37	0,83
9,40	0,87
9,42	0,87
9,45	0,86
9,47	0,86
9,49	0,83
9,52	0,86
9,54	0,85
9,57	0,84
9,59	0,86
9,62	0,86
9,64	0,85
9,67	0,88
9,69	0,86
9,71	0,91
9,74	0,89
9,76	0,88
9,79	0,87
9,81	0,90
9,84	0,91
9,86	0,92
9,89	0,89
9,91	0,92
9,93	0,92
9,96	0,94
9,98	0,90
10,01	0,92
10,03	0,91
10,06	0,89
10,08	0,90
10,10	0,90
10,13	0,90
10,15	0,91
10,18	0,91
10,20	0,92
10,23	0,94
10,25	0,91
10,28	0,92
10,30	0,92
10,32	0,93
10,35	0,92
10,37	0,91
10,40	0,94
10,42	0,98
10,45	0,97
10,47	0,96
10,50	0,96
10,52	0,99
10,54	0,99
10,57	0,98
10,59	0,97
10,62	0,97
10,64	0,99
10,67	0,97
10,69	0,95
10,72	0,98
10,74	0,95
10,76	0,95
10,79	0,95
10,81	0,95
10,84	0,98
10,86	0,95
10,89	0,94
10,91	0,96
10,94	0,96
10,96	0,99
10,98	0,98
11,01	0,98
11,03	1,03
11,06	1,01
11,08	1,02
11,11	1,02
11,13	1,02
11,15	1,03
11,18	1,02
11,20	1,02
11,23	1,04
11,25	1,03
11,28	1,06
11,30	1,02
11,33	1,03
11,35	1,05
11,37	1,04
11,40	1,06
11,42	1,08
11,45	1,09
11,47	1,10
11,50	1,09
11,52	1,12
11,55	1,13
11,57	1,12
11,59	1,13
11,62	1,09
11,64	1,16
11,67	1,15
11,69	1,15
11,72	1,15
11,74	1,16
11,77	1,16
11,79	1,21
11,81	1,17
11,84	1,22
11,86	1,20
11,89	1,22
11,91	1,23
11,94	1,25
11,96	1,28
11,99	1,29
12,01	1,28
12,03	1,31
12,06	1,31
12,08	1,33
12,11	1,32
12,13	1,32
12,16	1,34
12,18	1,32
12,21	1,34
12,23	1,33
12,25	1,36
12,28	1,39
12,30	1,36
12,33	1,37
12,35	1,40
12,38	1,40
12,40	1,42
12,42	1,39
12,45	1,41
12,47	1,45
12,50	1,46
12,52	1,46
12,55	1,47
12,57	1,48
12,60	1,50
12,62	1,48
12,64	1,50
12,67	1,50
12,69	1,50
12,72	1,49
12,74	1,50
12,77	1,50
12,79	1,51
12,82	1,50
12,84	1,51
12,86	1,52
12,89	1,53
12,91	1,53
12,94	1,54
12,96	1,60
12,99	1,60
13,01	1,60
13,04	1,60
13,06	1,61
13,08	1,60
13,11	1,57
13,13	1,53
13,16	1,54
13,18	1,53
13,21	1,55
13,23	1,54
13,26	1,56
13,28	1,57
13,30	1,54
13,33	1,54
13,35	1,53
13,38	1,51
13,40	1,51
13,43	1,47
13,45	1,47
13,47	1,50
13,50	1,50
13,52	1,51
13,55	1,51
13,57	1,54
13,60	1,57
13,62	1,57
13,65	1,56
13,67	1,55
13,69	1,55
13,72	1,54
13,74	1,51
13,77	1,50
13,79	1,50
13,82	1,50
13,84	1,50
13,87	1,50
13,89	1,51
13,91	1,49
13,94	1,49
13,96	1,49
13,99	1,48
14,01	1,45
14,04	1,45
14,06	1,45
14,09	1,45
14,11	1,44
14,13	1,46
14,16	1,45
14,18	1,49
14,21	1,48
14,23	1,44
14,26	1,45
14,28	1,47
14,31	1,45
14,33	1,46
14,35	1,44
14,38	1,44
14,40	1,46
14,43	1,44
14,45	1,43
14,48	1,42
14,50	1,40
14,52	1,40
14,55	1,39
14,57	1,40
14,60	1,41
14,62	1,38
14,65	1,39
14,67	1,39
14,70	1,41
14,72	1,40
14,74	1,39
14,77	1,39
14,79	1,41
14,82	1,41
14,84	1,40
14,87	1,38
14,89	1,40
14,92	1,40
14,94	1,39
14,96	1,39
14,99	1,38
15,01	1,40
15,04	1,41
15,06	1,40
15,09	1,43
15,11	1,42
15,14	1,43
15,16	1,43
15,18	1,41
15,21	1,43
15,23	1,41
15,26	1,40
15,28	1,41
15,31	1,40
15,33	1,43
15,36	1,42
15,38	1,42
15,40	1,46
15,43	1,45
15,45	1,46
15,48	1,47
15,50	1,47
15,53	1,50
15,55	1,49
15,57	1,49
15,60	1,52
15,62	1,53
15,65	1,56
15,67	1,55
15,70	1,56
15,72	1,59
15,75	1,60
15,77	1,63
15,79	1,66
15,82	1,67
15,84	1,68
15,87	1,68
15,89	1,68
15,92	1,70
15,94	1,70
15,97	1,71
15,99	1,74
16,01	1,80
16,04	1,81
16,06	1,83
16,09	1,85
16,11	1,90
16,14	1,92
16,16	1,92
16,19	1,91
16,21	1,95
16,23	2,00
16,26	2,03
16,28	2,02
16,31	2,04
16,33	2,07
16,36	2,10
16,38	2,12
16,41	2,13
16,43	2,15
16,45	2,15
16,48	2,18
16,50	2,21
16,53	2,25
16,55	2,26
16,58	2,30
16,60	2,32
16,63	2,39
16,65	2,41
16,67	2,43
16,70	2,45
16,72	2,50
16,75	2,51
16,77	2,55
16,80	2,56
16,82	2,60
16,84	2,62
16,87	2,64
16,89	2,68
16,92	2,69
16,94	2,73
16,97	2,76
16,99	2,76
17,02	2,80
17,04	2,83
17,06	2,82
17,09	2,86
17,11	2,84
17,14	2,86
17,16	2,88
17,19	2,90
17,21	2,91
17,24	2,94
17,26	2,96
17,28	3,00
17,31	3,01
17,33	3,06
17,36	3,07
17,38	3,10
17,41	3,12
17,43	3,12
17,46	3,14
17,48	3,15
17,50	3,15
17,53	3,15
17,55	3,15
17,58	3,17
17,60	3,18
17,63	3,19
17,65	3,19
17,68	3,16
17,70	3,17
17,72	3,15
17,75	3,13
17,77	3,12
17,80	3,11
17,82	3,11
17,85	3,12
17,87	3,10
17,89	3,10
17,92	3,07
17,94	3,10
17,97	3,07
17,99	3,05
18,02	3,04
18,04	3,01
18,07	3,00
18,09	2,99
18,11	2,95
18,14	2,94
18,16	2,92
18,19	2,91
18,21	2,90
18,24	2,86
18,26	2,85
18,29	2,80
18,31	2,78
18,33	2,77
18,36	2,75
18,38	2,72
18,41	2,71
18,43	2,68
18,46	2,68
18,48	2,64
18,51	2,63
18,53	2,60
18,55	2,60
18,58	2,58
18,60	2,55
18,63	2,55
18,65	2,55
18,68	2,50
18,70	2,49
18,73	2,45
18,75	2,44
18,77	2,43
18,80	2,37
18,82	2,35
18,85	2,35
18,87	2,33
18,90	2,32
18,92	2,28
18,94	2,27
18,97	2,28
18,99	2,22
19,02	2,22
19,04	2,20
19,07	2,19
19,09	2,17
19,12	2,12
19,14	2,13
19,16	2,15
19,19	2,11
19,21	2,08
19,24	2,04
19,26	2,05
19,29	2,05
19,31	2,01
19,34	1,98
19,36	1,99
19,38	2,01
19,41	2,02
19,43	1,98
19,46	2,00
19,48	1,99
19,51	1,99
19,53	1,97
19,56	1,94
19,58	1,94
19,60	1,92
19,63	1,90
19,65	1,90
19,68	1,91
19,70	1,91
19,73	1,91
19,75	1,92
19,78	1,97
19,80	1,97
19,82	2,00
19,85	1,99
19,87	2,03
19,90	2,04
19,92	2,04
19,95	2,04
19,97	2,05
19,99	2,04
20,02	2,05
20,04	2,04
20,07	2,06
20,09	2,08
20,12	2,07
20,14	2,10
20,17	2,10
20,19	2,13
20,21	2,13
20,24	2,15
20,26	2,17
20,29	2,19
20,31	2,20
20,34	2,23
20,36	2,24
20,39	2,31
20,41	2,32
20,43	2,34
20,46	2,38
20,48	2,42
20,51	2,45
20,53	2,48
20,56	2,46
20,58	2,52
20,61	2,54
20,63	2,57
20,65	2,59
20,68	2,61
20,70	2,67
20,73	2,72
20,75	2,75
20,78	2,81
20,80	2,87
20,83	2,91
20,85	2,96
20,87	3,00
20,90	3,05
20,92	3,07
20,95	3,11
20,97	3,13
21,00	3,20
21,02	3,24
21,05	3,29
21,07	3,35
21,09	3,44
21,12	3,49
21,14	3,55
21,17	3,60
21,19	3,68
21,22	3,73
21,24	3,77
21,26	3,82
21,29	3,88
21,31	3,95
21,34	4,00
21,36	4,04
21,39	4,09
21,41	4,17
21,44	4,21
21,46	4,28
21,48	4,31
21,51	4,37
21,53	4,41
21,56	4,48
21,58	4,53
21,61	4,61
21,63	4,67
21,66	4,75
21,68	4,80
21,70	4,88
21,73	4,94
21,75	5,01
21,78	5,06
21,80	5,10
21,83	5,16
21,85	5,21
21,88	5,25
21,90	5,30
21,92	5,33
21,95	5,36
21,97	5,39
22,00	5,42
22,02	5,49
22,05	5,50
22,07	5,54
22,10	5,57
22,12	5,62
22,14	5,65
22,17	5,65
22,19	5,66
22,22	5,71
22,24	5,69
22,27	5,71
22,29	5,70
22,31	5,72
22,34	5,73
22,36	5,70
22,39	5,70
22,41	5,71
22,44	5,70
22,46	5,70
22,49	5,64
22,51	5,62
22,53	5,61
22,56	5,58
22,58	5,55
22,61	5,48
22,63	5,47
22,66	5,44
22,68	5,40
22,71	5,39
22,73	5,35
22,75	5,29
22,78	5,29
22,80	5,22
22,83	5,19
22,85	5,13
22,88	5,07
22,90	5,02
22,93	5,01
22,95	4,96
22,97	4,91
23,00	4,87
23,02	4,85
23,05	4,78
23,07	4,72
23,10	4,62
23,12	4,56
23,15	4,55
23,17	4,47
23,19	4,41
23,22	4,35
23,24	4,28
23,27	4,24
23,29	4,14
23,32	4,05
23,34	4,01
23,36	3,93
23,39	3,89
23,41	3,83
23,44	3,80
23,46	3,76
23,49	3,72
23,51	3,67
23,54	3,63
23,56	3,56
23,58	3,53
23,61	3,47
23,63	3,44
23,66	3,37
23,68	3,32
23,71	3,26
23,73	3,22
23,76	3,18
23,78	3,13
23,80	3,07
23,83	3,02
23,85	2,99
23,88	2,96
23,90	2,91
23,93	2,87
23,95	2,84
23,98	2,79
24,00	2,78
24,02	2,74
24,05	2,72
24,07	2,70
24,10	2,67
24,12	2,65
24,15	2,68
24,17	2,64
24,20	2,63
24,22	2,62
24,24	2,62
24,27	2,64
24,29	2,64
24,32	2,63
24,34	2,64
24,37	2,64
24,39	2,65
24,42	2,64
24,44	2,63
24,46	2,62
24,49	2,59
24,51	2,61
24,54	2,62
24,56	2,62
24,59	2,61
24,61	2,62
24,63	2,66
24,66	2,70
24,68	2,69
24,71	2,71
24,73	2,71
24,76	2,79
24,78	2,80
24,81	2,81
24,83	2,82
24,85	2,86
24,88	2,88
24,90	2,92
24,93	2,91
24,95	3,00
24,98	3,03
25,00	3,08
25,03	3,11
25,05	3,12
25,07	3,19
25,10	3,24
25,12	3,24
25,15	3,29
25,17	3,32
25,20	3,37
25,22	3,43
25,25	3,46
25,27	3,52
25,29	3,56
25,32	3,62
25,34	3,69
25,37	3,77
25,39	3,85
25,42	3,90
25,44	3,96
25,47	4,05
25,49	4,11
25,51	4,19
25,54	4,23
25,56	4,30
25,59	4,39
25,61	4,46
25,64	4,53
25,66	4,61
25,68	4,69
25,71	4,79
25,73	4,85
25,76	4,93
25,78	5,01
25,81	5,06
25,83	5,16
25,86	5,22
25,88	5,31
25,90	5,38
25,93	5,46
25,95	5,54
25,98	5,67
26,00	5,75
26,03	5,86
26,05	5,94
26,08	6,09
26,10	6,19
26,12	6,29
26,15	6,38
26,17	6,46
26,20	6,56
26,22	6,64
26,25	6,71
26,27	6,82
26,30	6,92
26,32	7,01
26,34	7,12
26,37	7,23
26,39	7,35
26,42	7,43
26,44	7,52
26,47	7,60
26,49	7,68
26,52	7,77
26,54	7,86
26,56	7,94
26,59	8,06
26,61	8,13
26,64	8,24
26,66	8,34
26,69	8,46
26,71	8,54
26,73	8,61
26,76	8,68
26,78	8,77
26,81	8,84
26,83	8,91
26,86	8,89
26,88	8,95
26,91	9,00
26,93	9,02
26,95	9,04
26,98	9,04
27,00	9,08
27,03	9,13
27,05	9,14
27,08	9,14
27,10	9,15
27,13	9,18
27,15	9,19
27,17	9,17
27,20	9,17
27,22	9,15
27,25	9,15
27,27	9,13
27,30	9,14
27,32	9,12
27,35	9,08
27,37	9,05
27,39	9,02
27,42	8,94
27,44	8,89
27,47	8,79
27,49	8,73
27,52	8,66
27,54	8,56
27,57	8,49
27,59	8,43
27,61	8,36
27,64	8,26
27,66	8,15
27,69	8,07
27,71	7,99
27,74	7,84
27,76	7,73
27,78	7,60
27,81	7,51
27,83	7,40
27,86	7,30
27,88	7,21
27,91	7,16
27,93	7,05
27,96	6,96
27,98	6,85
28,00	6,77
28,03	6,64
28,05	6,49
28,08	6,36
28,10	6,24
28,13	6,14
28,15	6,02
28,18	5,89
28,20	5,79
28,22	5,69
28,25	5,61
28,27	5,51
28,30	5,41
28,32	5,34
28,35	5,22
28,37	5,14
28,40	5,05
28,42	4,94
28,44	4,86
28,47	4,76
28,49	4,65
28,52	4,62
28,54	4,53
28,57	4,49
28,59	4,41
28,62	4,36
28,64	4,32
28,66	4,24
28,69	4,16
28,71	4,12
28,74	4,05
28,76	4,01
28,79	3,93
28,81	3,88
28,84	3,84
28,86	3,80
28,88	3,76
28,91	3,70
28,93	3,67
28,96	3,63
28,98	3,59
29,01	3,58
29,03	3,55
29,05	3,50
29,08	3,51
29,10	3,49
29,13	3,53
29,15	3,52
29,18	3,50
29,20	3,53
29,23	3,54
29,25	3,55
29,27	3,55
29,30	3,53
29,32	3,56
29,35	3,58
29,37	3,57
29,40	3,59
29,42	3,61
29,45	3,65
29,47	3,66
29,49	3,67
29,52	3,71
29,54	3,77
29,57	3,80
29,59	3,82
29,62	3,85
29,64	3,93
29,67	3,96
29,69	4,01
29,71	4,03
29,74	4,10
29,76	4,18
29,79	4,24
29,81	4,28
29,84	4,37
29,86	4,40
29,89	4,49
29,91	4,55
29,93	4,61
29,96	4,68
29,98	4,74
30,01	4,79
30,03	4,87
30,06	4,93
30,08	5,02
30,10	5,11
30,13	5,19
30,15	5,26
30,18	5,33
30,20	5,44
30,23	5,55
30,25	5,65
30,28	5,71
30,30	5,79
30,32	5,90
30,35	6,03
30,37	6,12
30,40	6,21
30,42	6,29
30,45	6,45
30,47	6,58
30,50	6,68
30,52	6,81
30,54	6,91
30,57	7,04
30,59	7,18
30,62	7,27
30,64	7,43
30,67	7,54
30,69	7,65
30,72	7,78
30,74	7,90
30,76	8,04
30,79	8,14
30,81	8,25
30,84	8,41
30,86	8,55
30,89	8,72
30,91	8,86
30,94	8,99
30,96	9,17
30,98	9,30
31,01	9,43
31,03	9,56
31,06	9,69
31,08	9,83
31,11	9,94
31,13	10,07
31,15	10,23
31,18	10,38
31,20	10,55
31,23	10,69
31,25	10,84
31,28	11,02
31,30	11,16
31,33	11,33
31,35	11,46
31,37	11,59
31,40	11,72
31,42	11,83
31,45	11,97
31,47	12,09
31,50	12,18
31,52	12,32
31,55	12,41
31,57	12,55
31,59	12,67
31,62	12,79
31,64	12,90
31,67	13,00
31,69	13,10
31,72	13,21
31,74	13,30
31,77	13,40
31,79	13,45
31,81	13,50
31,84	13,57
31,86	13,62
31,89	13,65
31,91	13,68
31,94	13,68
31,96	13,74
31,99	13,77
32,01	13,75
32,03	13,73
32,06	13,76
32,08	13,75
32,11	13,71
32,13	13,67
32,16	13,63
32,18	13,63
32,20	13,60
32,23	13,53
32,25	13,46
32,28	13,43
32,30	13,36
32,33	13,27
32,35	13,15
32,38	13,06
32,40	12,97
32,42	12,87
32,45	12,72
32,47	12,58
32,50	12,48
32,52	12,35
32,55	12,20
32,57	12,04
32,60	11,86
32,62	11,72
32,64	11,57
32,67	11,40
32,69	11,26
32,72	11,06
32,74	10,93
32,77	10,82
32,79	10,68
32,82	10,54
32,84	10,37
32,86	10,21
32,89	10,08
32,91	9,87
32,94	9,69
32,96	9,49
32,99	9,31
33,01	9,15
33,04	8,94
33,06	8,75
33,08	8,60
33,11	8,43
33,13	8,30
33,16	8,12
33,18	7,95
33,21	7,84
33,23	7,73
33,26	7,61
33,28	7,45
33,30	7,28
33,33	7,16
33,35	7,03
33,38	6,92
33,40	6,74
33,43	6,59
33,45	6,47
33,47	6,35
33,50	6,29
33,52	6,16
33,55	6,06
33,57	6,00
33,60	5,93
33,62	5,85
33,65	5,77
33,67	5,66
33,69	5,61
33,72	5,52
33,74	5,43
33,77	5,37
33,79	5,33
33,82	5,30
33,84	5,25
33,87	5,19
33,89	5,16
33,91	5,12
33,94	5,08
33,96	5,03
33,99	4,99
34,01	4,99
34,04	4,97
34,06	4,95
34,09	4,94
34,11	4,96
34,13	4,99
34,16	4,98
34,18	4,98
34,21	5,01
34,23	5,01
34,26	5,04
34,28	5,05
34,31	5,05
34,33	5,11
34,35	5,14
34,38	5,19
34,40	5,25
34,43	5,29
34,45	5,36
34,48	5,44
34,50	5,50
34,52	5,55
34,55	5,57
34,57	5,63
34,60	5,70
34,62	5,76
34,65	5,80
34,67	5,86
34,70	5,99
34,72	6,12
34,74	6,22
34,77	6,33
34,79	6,43
34,82	6,56
34,84	6,66
34,87	6,73
34,89	6,83
34,92	6,94
34,94	7,04
34,96	7,16
34,99	7,25
35,01	7,39
35,04	7,53
35,06	7,65
35,09	7,78
35,11	7,91
35,14	8,05
35,16	8,20
35,18	8,31
35,21	8,42
35,23	8,55
35,26	8,69
35,28	8,82
35,31	8,96
35,33	9,12
35,36	9,28
35,38	9,45
35,40	9,62
35,43	9,79
35,45	9,95
35,48	10,13
35,50	10,29
35,53	10,46
35,55	10,63
35,57	10,79
35,60	10,94
35,62	11,10
35,65	11,26
35,67	11,42
35,70	11,60
35,72	11,80
35,75	11,99
35,77	12,15
35,79	12,33
35,82	12,53
35,84	12,73
35,87	12,91
35,89	13,08
35,92	13,27
35,94	13,48
35,97	13,68
35,99	13,85
36,01	14,03
36,04	14,23
36,06	14,44
36,09	14,62
36,11	14,82
36,14	15,06
36,16	15,25
36,19	15,45
36,21	15,63
36,23	15,78
36,26	15,93
36,28	16,10
36,31	16,23
36,33	16,41
36,36	16,59
36,38	16,74
36,41	16,92
36,43	17,12
36,45	17,34
36,48	17,46
36,50	17,60
36,53	17,74
36,55	17,91
36,58	18,06
36,60	18,13
36,62	18,20
36,65	18,37
36,67	18,48
36,70	18,57
36,72	18,62
36,75	18,71
36,77	18,83
36,80	18,89
36,82	18,90
36,84	18,92
36,87	18,96
36,89	19,01
36,92	19,00
36,94	18,99
36,97	19,00
36,99	19,01
37,02	19,07
37,04	19,04
37,06	19,01
37,09	18,95
37,11	18,93
37,14	18,89
37,16	18,80
37,19	18,69
37,21	18,60
37,24	18,49
37,26	18,45
37,28	18,31
37,31	18,17
37,33	18,08
37,36	17,96
37,38	17,82
37,41	17,67
37,43	17,49
37,46	17,35
37,48	17,17
37,50	16,99
37,53	16,74
37,55	16,55
37,58	16,35
37,60	16,13
37,63	15,95
37,65	15,74
37,68	15,53
37,70	15,33
37,72	15,10
37,75	14,89
37,77	14,67
37,80	14,41
37,82	14,20
37,85	13,94
37,87	13,76
37,89	13,52
37,92	13,25
37,94	13,05
37,97	12,82
37,99	12,59
38,02	12,39
38,04	12,14
38,07	11,96
38,09	11,76
38,11	11,52
38,14	11,29
38,16	11,09
38,19	10,87
38,21	10,64
38,24	10,40
38,26	10,18
38,29	10,00
38,31	9,81
38,33	9,60
38,36	9,43
38,38	9,28
38,41	9,12
38,43	9,00
38,46	8,82
38,48	8,72
38,51	8,60
38,53	8,45
38,55	8,32
38,58	8,23
38,60	8,11
38,63	8,03
38,65	7,90
38,68	7,81
38,70	7,73
38,73	7,65
38,75	7,58
38,77	7,50
38,80	7,41
38,82	7,36
38,85	7,31
38,87	7,27
38,90	7,20
38,92	7,13
38,94	7,10
38,97	7,08
38,99	7,08
39,02	7,04
39,04	7,02
39,07	7,05
39,09	7,09
39,12	7,09
39,14	7,10
39,16	7,07
39,19	7,12
39,21	7,15
39,24	7,15
39,26	7,19
39,29	7,23
39,31	7,31
39,34	7,38
39,36	7,42
39,38	7,49
39,41	7,55
39,43	7,61
39,46	7,68
39,48	7,72
39,51	7,82
39,53	7,89
39,56	7,98
39,58	8,08
39,60	8,18
39,63	8,30
39,65	8,42
39,68	8,53
39,70	8,71
39,73	8,81
39,75	8,92
39,78	9,05
39,80	9,19
39,82	9,33
39,85	9,45
39,87	9,55
39,90	9,71
39,92	9,86
39,95	10,02
39,97	10,17
39,99	10,32
40,02	10,51
40,04	10,69
40,07	10,87
40,09	11,03
40,12	11,19
40,14	11,33
40,17	11,49
40,19	11,66
40,21	11,84
40,24	12,01
40,26	12,22
40,29	12,40
40,31	12,62
40,34	12,83
40,36	13,03
40,39	13,25
40,41	13,50
40,43	13,70
40,46	13,89
40,48	14,09
40,51	14,33
40,53	14,55
40,56	14,74
40,58	14,90
40,61	15,14
40,63	15,42
40,65	15,68
40,68	15,90
40,70	16,14
40,73	16,39
40,75	16,64
40,78	16,86
40,80	17,05
40,83	17,28
40,85	17,51
40,87	17,74
40,90	17,98
40,92	18,21
40,95	18,48
40,97	18,73
41,00	18,98
41,02	19,26
41,05	19,51
41,07	19,80
41,09	20,04
41,12	20,26
41,14	20,50
41,17	20,69
41,19	20,86
41,22	21,07
41,24	21,25
41,26	21,46
41,29	21,67
41,31	21,87
41,34	22,11
41,36	22,35
41,39	22,57
41,41	22,76
41,44	22,97
41,46	23,16
41,48	23,34
41,51	23,51
41,53	23,63
41,56	23,76
41,58	23,91
41,61	24,04
41,63	24,18
41,66	24,29
41,68	24,40
41,70	24,56
41,73	24,68
41,75	24,75
41,78	24,83
41,80	24,89
41,83	24,97
41,85	25,03
41,88	25,04
41,90	25,05
41,92	25,10
41,95	25,12
41,97	25,06
42,00	25,06
42,02	25,02
42,05	25,02
42,07	24,98
42,10	24,87
42,12	24,80
42,14	24,77
42,17	24,69
42,19	24,60
42,22	24,46
42,24	24,39
42,27	24,32
42,29	24,18
42,31	24,03
42,34	23,85
42,36	23,70
42,39	23,54
42,41	23,34
42,44	23,11
42,46	22,89
42,49	22,69
42,51	22,50
42,53	22,28
42,56	22,10
42,58	21,88
42,61	21,67
42,63	21,46
42,66	21,22
42,68	20,97
42,71	20,72
42,73	20,43
42,75	20,15
42,78	19,84
42,80	19,59
42,83	19,32
42,85	19,05
42,88	18,81
42,90	18,55
42,93	18,31
42,95	18,10
42,97	17,83
43,00	17,61
43,02	17,33
43,05	17,05
43,07	16,76
43,10	16,50
43,12	16,22
43,15	15,94
43,17	15,63
43,19	15,37
43,22	15,12
43,24	14,92
43,27	14,67
43,29	14,44
43,32	14,27
43,34	14,04
43,36	13,87
43,39	13,64
43,41	13,40
43,44	13,20
43,46	13,03
43,49	12,79
43,51	12,61
43,54	12,39
43,56	12,27
43,58	12,10
43,61	11,95
43,63	11,79
43,66	11,68
43,68	11,60
43,71	11,49
43,73	11,33
43,76	11,25
43,78	11,16
43,80	11,07
43,83	10,95
43,85	10,85
43,88	10,82
43,90	10,74
43,93	10,69
43,95	10,62
43,98	10,56
44,00	10,57
44,02	10,53
44,05	10,48
44,07	10,51
44,10	10,48
44,12	10,49
44,15	10,50
44,17	10,51
44,20	10,54
44,22	10,58
44,24	10,62
44,27	10,66
44,29	10,70
44,32	10,76
44,34	10,80
44,37	10,87
44,39	10,91
44,41	10,94
44,44	11,02
44,46	11,13
44,49	11,24
44,51	11,32
44,54	11,41
44,56	11,54
44,59	11,70
44,61	11,79
44,63	11,89
44,66	11,97
44,68	12,13
44,71	12,28
44,73	12,38
44,76	12,51
44,78	12,72
44,81	12,89
44,83	13,08
44,85	13,25
44,88	13,46
44,90	13,67
44,93	13,86
44,95	14,00
44,98	14,16
45,00	14,38
45,03	14,57
45,05	14,73
45,07	14,91
45,10	15,11
45,12	15,33
45,15	15,57
45,17	15,78
45,20	16,03
45,22	16,27
45,25	16,52
45,27	16,77
45,29	17,04
45,32	17,26
45,34	17,48
45,37	17,67
45,39	17,93
45,42	18,15
45,44	18,39
45,47	18,65
45,49	18,92
45,51	19,20
45,54	19,48
45,56	19,78
45,59	20,08
45,61	20,38
45,64	20,67
45,66	20,92
45,68	21,17
45,71	21,46
45,73	21,67
45,76	21,98
45,78	22,23
45,81	22,47
45,83	22,76
45,86	23,07
45,88	23,38
45,90	23,68
45,93	23,93
45,95	24,24
45,98	24,56
46,00	24,88
46,03	25,14
46,05	25,38
46,08	25,66
46,10	25,93
46,12	26,18
46,15	26,41
46,17	26,67
46,20	27,00
46,22	27,28
46,25	27,54
46,27	27,84
46,30	28,14
46,32	28,45
46,34	28,69
46,37	28,89
46,39	29,14
46,42	29,39
46,44	29,60
46,47	29,78
46,49	29,96
46,52	30,20
46,54	30,41
46,56	30,60
46,59	30,78
46,61	30,99
46,64	31,16
46,66	31,32
46,69	31,42
46,71	31,55
46,73	31,69
46,76	31,82
46,78	31,90
46,81	32,00
46,83	32,08
46,86	32,22
46,88	32,32
46,91	32,37
46,93	32,44
46,95	32,47
46,98	32,54
47,00	32,58
47,03	32,57
47,05	32,57
47,08	32,59
47,10	32,59
47,13	32,56
47,15	32,48
47,17	32,43
47,20	32,38
47,22	32,33
47,25	32,21
47,27	32,07
47,30	31,97
47,32	31,89
47,35	31,75
47,37	31,59
47,39	31,44
47,42	31,34
47,44	31,22
47,47	31,03
47,49	30,89
47,52	30,73
47,54	30,55
47,57	30,33
47,59	30,06
47,61	29,84
47,64	29,61
47,66	29,31
47,69	29,03
47,71	28,73
47,74	28,48
47,76	28,25
47,78	27,98
47,81	27,74
47,83	27,52
47,86	27,27
47,88	27,02
47,91	26,75
47,93	26,47
47,96	26,14
47,98	25,82
48,00	25,48
48,03	25,19
48,05	24,90
48,08	24,55
48,10	24,23
48,13	23,96
48,15	23,68
48,18	23,43
48,20	23,09
48,22	22,80
48,25	22,56
48,27	22,24
48,30	21,95
48,32	21,64
48,35	21,31
48,37	21,07
48,40	20,79
48,42	20,48
48,44	20,30
48,47	20,05
48,49	19,88
48,52	19,67
48,54	19,47
48,57	19,27
48,59	19,12
48,62	18,92
48,64	18,73
48,66	18,48
48,69	18,30
48,71	18,12
48,74	17,96
48,76	17,77
48,79	17,56
48,81	17,47
48,84	17,34
48,86	17,26
48,88	17,12
48,91	16,99
48,93	16,93
48,96	16,86
48,98	16,72
49,01	16,65
49,03	16,57
49,05	16,58
49,08	16,52
49,10	16,47
49,13	16,46
49,15	16,48
49,18	16,51
49,20	16,50
49,23	16,46
49,25	16,50
49,27	16,54
49,30	16,58
49,32	16,60
49,35	16,61
49,37	16,72
49,40	16,79
49,42	16,87
49,45	16,94
49,47	17,01
49,49	17,08
49,52	17,18
49,54	17,24
49,57	17,35
49,59	17,43
49,62	17,54
49,64	17,67
49,67	17,82
49,69	17,97
49,71	18,15
49,74	18,31
49,76	18,50
49,79	18,69
49,81	18,88
49,84	19,03
49,86	19,23
49,89	19,40
49,91	19,58
49,93	19,72
49,96	19,84
49,98	19,93
