Voltage U1	Corriente IA
U1/V	IA/nA

0,02	0,50
0,04	0,52
0,07	0,54
0,09	0,57
0,12	0,59
0,14	0,58
0,17	0,58
0,19	0,56
0,21	0,57
0,24	0,57
0,26	0,54
0,29	0,55
0,31	0,54
0,34	0,50
0,36	0,50
0,39	0,48
0,41	0,51
0,43	0,48
0,46	0,48
0,48	0,50
0,51	0,53
0,53	0,55
0,56	0,56
0,58	0,54
0,61	0,59
0,63	0,59
0,65	0,60
0,68	0,58
0,70	0,58
0,73	0,58
0,75	0,57
0,78	0,56
0,80	0,56
0,83	0,56
0,85	0,56
0,87	0,53
0,90	0,54
0,92	0,55
0,95	0,52
0,97	0,50
1,00	0,49
1,02	0,50
1,05	0,51
1,07	0,51
1,09	0,51
1,12	0,55
1,14	0,57
1,17	0,58
1,19	0,56
1,22	0,59
1,24	0,58
1,26	0,57
1,29	0,57
1,31	0,57
1,34	0,58
1,36	0,59
1,39	0,56
1,41	0,55
1,44	0,55
1,46	0,56
1,48	0,55
1,51	0,53
1,53	0,55
1,56	0,54
1,58	0,55
1,61	0,55
1,63	0,54
1,66	0,54
1,68	0,54
1,70	0,53
1,73	0,56
1,75	0,56
1,78	0,57
1,80	0,55
1,83	0,58
1,85	0,59
1,88	0,56
1,90	0,56
1,92	0,57
1,95	0,56
1,97	0,58
2,00	0,57
2,02	0,59
2,05	0,60
2,07	0,59
2,10	0,60
2,12	0,60
2,14	0,59
2,17	0,57
2,19	0,54
2,22	0,55
2,24	0,56
2,27	0,53
2,29	0,53
2,31	0,52
2,34	0,53
2,36	0,52
2,39	0,51
2,41	0,52
2,44	0,54
2,46	0,54
2,49	0,54
2,51	0,55
2,53	0,55
2,56	0,55
2,58	0,56
2,61	0,54
2,63	0,54
2,66	0,57
2,68	0,56
2,71	0,56
2,73	0,56
2,75	0,53
2,78	0,53
2,80	0,51
2,83	0,50
2,85	0,52
2,88	0,50
2,90	0,51
2,93	0,52
2,95	0,53
2,97	0,54
3,00	0,52
3,02	0,52
3,05	0,54
3,07	0,52
3,10	0,54
3,12	0,52
3,15	0,56
3,17	0,55
3,19	0,55
3,22	0,55
3,24	0,54
3,27	0,55
3,29	0,56
3,32	0,53
3,34	0,55
3,36	0,54
3,39	0,53
3,41	0,55
3,44	0,54
3,46	0,57
3,49	0,56
3,51	0,56
3,54	0,57
3,56	0,58
3,58	0,59
3,61	0,57
3,63	0,55
3,66	0,60
3,68	0,60
3,71	0,61
3,73	0,58
3,76	0,58
3,78	0,58
3,80	0,59
3,83	0,56
3,85	0,57
3,88	0,54
3,90	0,56
3,93	0,55
3,95	0,56
3,98	0,56
4,00	0,53
4,02	0,55
4,05	0,55
4,07	0,54
4,10	0,54
4,12	0,55
4,15	0,56
4,17	0,56
4,20	0,55
4,22	0,56
4,24	0,55
4,27	0,59
4,29	0,57
4,32	0,55
4,34	0,56
4,37	0,57
4,39	0,57
4,42	0,58
4,44	0,55
4,46	0,57
4,49	0,57
4,51	0,57
4,54	0,56
4,56	0,55
4,59	0,57
4,61	0,56
4,63	0,56
4,66	0,55
4,68	0,54
4,71	0,51
4,73	0,52
4,76	0,51
4,78	0,52
4,81	0,49
4,83	0,50
4,85	0,50
4,88	0,56
4,90	0,55
4,93	0,55
4,95	0,55
4,98	0,59
5,00	0,58
5,03	0,61
5,05	0,57
5,07	0,60
5,10	0,60
5,12	0,59
5,15	0,58
5,17	0,57
5,20	0,55
5,22	0,56
5,25	0,54
5,27	0,55
5,29	0,55
5,32	0,53
5,34	0,54
5,37	0,56
5,39	0,55
5,42	0,54
5,44	0,53
5,47	0,54
5,49	0,58
5,51	0,58
5,54	0,56
5,56	0,55
5,59	0,58
5,61	0,58
5,64	0,59
5,66	0,56
5,68	0,57
5,71	0,59
5,73	0,58
5,76	0,57
5,78	0,58
5,81	0,59
5,83	0,61
5,86	0,60
5,88	0,60
5,90	0,61
5,93	0,60
5,95	0,61
5,98	0,60
6,00	0,59
6,03	0,58
6,05	0,58
6,08	0,59
6,10	0,61
6,12	0,59
6,15	0,59
6,17	0,59
6,20	0,63
6,22	0,62
6,25	0,61
6,27	0,59
6,30	0,60
6,32	0,61
6,34	0,61
6,37	0,56
6,39	0,57
6,42	0,58
6,44	0,58
6,47	0,59
6,49	0,58
6,52	0,59
6,54	0,58
6,56	0,58
6,59	0,59
6,61	0,57
6,64	0,56
6,66	0,56
6,69	0,56
6,71	0,60
6,73	0,59
6,76	0,59
6,78	0,61
6,81	0,63
6,83	0,64
6,86	0,63
6,88	0,63
6,91	0,65
6,93	0,64
6,95	0,64
6,98	0,63
7,00	0,62
7,03	0,64
7,05	0,64
7,08	0,66
7,10	0,66
7,13	0,66
7,15	0,66
7,17	0,65
7,20	0,65
7,22	0,65
7,25	0,62
7,27	0,61
7,30	0,60
7,32	0,62
7,35	0,62
7,37	0,63
7,39	0,64
7,42	0,66
7,44	0,68
7,47	0,69
7,49	0,66
7,52	0,68
7,54	0,68
7,57	0,68
7,59	0,67
7,61	0,68
7,64	0,69
7,66	0,71
7,69	0,70
7,71	0,71
7,74	0,69
7,76	0,70
7,78	0,70
7,81	0,69
7,83	0,69
7,86	0,66
7,88	0,67
7,91	0,70
7,93	0,71
7,96	0,71
7,98	0,71
8,00	0,72
8,03	0,78
8,05	0,79
8,08	0,79
8,10	0,78
8,13	0,80
8,15	0,81
8,18	0,79
8,20	0,79
8,22	0,78
8,25	0,79
8,27	0,81
8,30	0,79
8,32	0,80
8,35	0,82
8,37	0,80
8,40	0,80
8,42	0,79
8,44	0,79
8,47	0,76
8,49	0,76
8,52	0,76
8,54	0,75
8,57	0,75
8,59	0,77
8,62	0,76
8,64	0,82
8,66	0,82
8,69	0,82
8,71	0,83
8,74	0,85
8,76	0,86
8,79	0,85
8,81	0,83
8,84	0,84
8,86	0,85
8,88	0,85
8,91	0,83
8,93	0,84
8,96	0,86
8,98	0,85
9,01	0,85
9,03	0,85
9,05	0,85
9,08	0,84
9,10	0,82
9,13	0,83
9,15	0,84
9,18	0,83
9,20	0,85
9,23	0,86
9,25	0,91
9,27	0,92
9,30	0,90
9,32	0,92
9,35	0,95
9,37	0,93
9,40	0,93
9,42	0,87
9,45	0,89
9,47	0,90
9,49	0,87
9,52	0,87
9,54	0,88
9,57	0,90
9,59	0,92
9,62	0,90
9,64	0,92
9,67	0,94
9,69	0,91
9,71	0,91
9,74	0,89
9,76	0,90
9,79	0,87
9,81	0,86
9,84	0,85
9,86	0,89
9,89	0,87
9,91	0,87
9,93	0,87
9,96	0,91
9,98	0,88
10,01	0,91
10,03	0,88
10,06	0,90
10,08	0,92
10,10	0,94
10,13	0,94
10,15	0,97
10,18	0,94
10,20	0,94
10,23	0,94
10,25	0,94
10,28	0,93
10,30	0,89
10,32	0,90
10,35	0,90
10,37	0,92
10,40	0,91
10,42	0,89
10,45	0,90
10,47	0,93
10,50	0,93
10,52	0,94
10,54	0,90
10,57	0,93
10,59	0,92
10,62	0,93
10,64	0,93
10,67	0,94
10,69	0,95
10,72	0,98
10,74	0,96
10,76	1,00
10,79	0,99
10,81	0,98
10,84	0,98
10,86	0,97
10,89	0,99
10,91	0,97
10,94	0,97
10,96	0,98
10,98	0,99
11,01	0,99
11,03	0,98
11,06	0,98
11,08	1,01
11,11	1,01
11,13	1,02
11,15	1,02
11,18	1,05
11,20	1,07
11,23	1,07
11,25	1,07
11,28	1,08
11,30	1,09
11,33	1,12
11,35	1,08
11,37	1,09
11,40	1,09
11,42	1,06
11,45	1,05
11,47	1,03
11,50	1,03
11,52	1,03
11,55	1,01
11,57	1,04
11,59	1,06
11,62	1,07
11,64	1,11
11,67	1,12
11,69	1,16
11,72	1,17
11,74	1,17
11,77	1,20
11,79	1,22
11,81	1,23
11,84	1,23
11,86	1,23
11,89	1,27
11,91	1,28
11,94	1,29
11,96	1,29
11,99	1,30
12,01	1,32
12,03	1,31
12,06	1,30
12,08	1,32
12,11	1,32
12,13	1,32
12,16	1,31
12,18	1,32
12,21	1,35
12,23	1,35
12,25	1,35
12,28	1,37
12,30	1,40
12,33	1,42
12,35	1,42
12,38	1,43
12,40	1,47
12,42	1,48
12,45	1,48
12,47	1,47
12,50	1,49
12,52	1,50
12,55	1,51
12,57	1,49
12,60	1,49
12,62	1,50
12,64	1,52
12,67	1,50
12,69	1,51
12,72	1,50
12,74	1,51
12,77	1,52
12,79	1,51
12,82	1,53
12,84	1,52
12,86	1,53
12,89	1,54
12,91	1,55
12,94	1,55
12,96	1,55
12,99	1,56
13,01	1,60
13,04	1,60
13,06	1,60
13,08	1,59
13,11	1,61
13,13	1,62
13,16	1,61
13,18	1,60
13,21	1,61
13,23	1,61
13,26	1,62
13,28	1,60
13,30	1,61
13,33	1,60
13,35	1,58
13,38	1,58
13,40	1,58
13,43	1,58
13,45	1,56
13,47	1,56
13,50	1,58
13,52	1,57
13,55	1,57
13,57	1,59
13,60	1,54
13,62	1,58
13,65	1,56
13,67	1,54
13,69	1,54
13,72	1,53
13,74	1,52
13,77	1,55
13,79	1,51
13,82	1,52
13,84	1,49
13,87	1,49
13,89	1,48
13,91	1,47
13,94	1,49
13,96	1,48
13,99	1,48
14,01	1,51
14,04	1,48
14,06	1,47
14,09	1,46
14,11	1,43
14,13	1,45
14,16	1,42
14,18	1,41
14,21	1,41
14,23	1,44
14,26	1,46
14,28	1,44
14,31	1,44
14,33	1,47
14,35	1,47
14,38	1,46
14,40	1,42
14,43	1,42
14,45	1,42
14,48	1,40
14,50	1,41
14,52	1,40
14,55	1,42
14,57	1,42
14,60	1,40
14,62	1,42
14,65	1,42
14,67	1,38
14,70	1,39
14,72	1,38
14,74	1,42
14,77	1,41
14,79	1,38
14,82	1,40
14,84	1,43
14,87	1,44
14,89	1,43
14,92	1,40
14,94	1,46
14,96	1,45
14,99	1,45
15,01	1,43
15,04	1,42
15,06	1,43
15,09	1,41
15,11	1,39
15,14	1,41
15,16	1,38
15,18	1,40
15,21	1,39
15,23	1,39
15,26	1,42
15,28	1,41
15,31	1,42
15,33	1,43
15,36	1,43
15,38	1,45
15,40	1,45
15,43	1,45
15,45	1,47
15,48	1,46
15,50	1,47
15,53	1,48
15,55	1,52
15,57	1,53
15,60	1,54
15,62	1,58
15,65	1,61
15,67	1,62
15,70	1,63
15,72	1,61
15,75	1,64
15,77	1,64
15,79	1,64
15,82	1,63
15,84	1,65
15,87	1,68
15,89	1,69
15,92	1,70
15,94	1,72
15,97	1,74
15,99	1,75
16,01	1,76
16,04	1,77
16,06	1,82
16,09	1,84
16,11	1,86
16,14	1,87
16,16	1,92
16,19	1,95
16,21	1,96
16,23	1,97
16,26	2,00
16,28	2,02
16,31	2,06
16,33	2,07
16,36	2,10
16,38	2,13
16,41	2,13
16,43	2,15
16,45	2,18
16,48	2,22
16,50	2,24
16,53	2,25
16,55	2,28
16,58	2,32
16,60	2,34
16,63	2,39
16,65	2,39
16,67	2,44
16,70	2,48
16,72	2,50
16,75	2,52
16,77	2,58
16,80	2,59
16,82	2,63
16,84	2,63
16,87	2,68
16,89	2,71
16,92	2,75
16,94	2,76
16,97	2,78
16,99	2,83
17,02	2,87
17,04	2,89
17,06	2,94
17,09	2,94
17,11	2,96
17,14	2,98
17,16	2,99
17,19	3,02
17,21	3,00
17,24	2,99
17,26	3,01
17,28	3,03
17,31	3,04
17,33	3,02
17,36	3,04
17,38	3,10
17,41	3,11
17,43	3,10
17,46	3,10
17,48	3,14
17,50	3,17
17,53	3,15
17,55	3,13
17,58	3,15
17,60	3,17
17,63	3,19
17,65	3,16
17,68	3,17
17,70	3,18
17,72	3,17
17,75	3,17
17,77	3,15
17,80	3,16
17,82	3,15
17,85	3,12
17,87	3,14
17,89	3,13
17,92	3,11
17,94	3,09
17,97	3,05
17,99	3,08
18,02	3,05
18,04	3,03
18,07	3,02
18,09	3,01
18,11	3,02
18,14	3,00
18,16	2,97
18,19	2,97
18,21	2,95
18,24	2,94
18,26	2,89
18,29	2,86
18,31	2,87
18,33	2,82
18,36	2,79
18,38	2,76
18,41	2,73
18,43	2,72
18,46	2,67
18,48	2,65
18,51	2,65
18,53	2,61
18,55	2,59
18,58	2,55
18,60	2,57
18,63	2,57
18,65	2,52
18,68	2,50
18,70	2,50
18,73	2,48
18,75	2,48
18,77	2,39
18,80	2,38
18,82	2,36
18,85	2,34
18,87	2,30
18,90	2,28
18,92	2,28
18,94	2,28
18,97	2,25
18,99	2,23
19,02	2,22
19,04	2,20
19,07	2,17
19,09	2,12
19,12	2,12
19,14	2,08
19,16	2,07
19,19	2,03
19,21	2,04
19,24	2,03
19,26	2,01
19,29	1,99
19,31	2,02
19,34	2,02
19,36	2,02
19,38	1,98
19,41	1,99
19,43	2,00
19,46	1,99
19,48	1,98
19,51	1,96
19,53	1,97
19,56	1,96
19,58	1,93
19,60	1,93
19,63	1,93
19,65	1,90
19,68	1,90
19,70	1,87
19,73	1,90
19,75	1,90
19,78	1,90
19,80	1,91
19,82	1,92
19,85	1,92
19,87	1,95
19,90	1,91
19,92	1,97
19,95	1,98
19,97	1,98
19,99	1,99
20,02	2,01
20,04	2,03
20,07	2,06
20,09	2,03
20,12	2,06
20,14	2,06
20,17	2,08
20,19	2,10
20,21	2,11
20,24	2,14
20,26	2,15
20,29	2,18
20,31	2,21
20,34	2,23
20,36	2,25
20,39	2,27
20,41	2,30
20,43	2,35
20,46	2,34
20,48	2,39
20,51	2,43
20,53	2,49
20,56	2,52
20,58	2,53
20,61	2,57
20,63	2,62
20,65	2,64
20,68	2,67
20,70	2,69
20,73	2,74
20,75	2,81
20,78	2,83
20,80	2,89
20,83	2,93
20,85	3,00
20,87	3,02
20,90	3,05
20,92	3,09
20,95	3,13
20,97	3,15
21,00	3,20
21,02	3,22
21,05	3,29
21,07	3,34
21,09	3,39
21,12	3,43
21,14	3,49
21,17	3,57
21,19	3,63
21,22	3,69
21,24	3,78
21,26	3,82
21,29	3,91
21,31	3,97
21,34	4,02
21,36	4,10
21,39	4,15
21,41	4,19
21,44	4,26
21,46	4,30
21,48	4,35
21,51	4,40
21,53	4,45
21,56	4,52
21,58	4,56
21,61	4,66
21,63	4,70
21,66	4,78
21,68	4,85
21,70	4,87
21,73	4,92
21,75	5,00
21,78	5,04
21,80	5,12
21,83	5,14
21,85	5,21
21,88	5,29
21,90	5,33
21,92	5,39
21,95	5,40
21,97	5,44
22,00	5,50
22,02	5,51
22,05	5,54
22,07	5,57
22,10	5,58
22,12	5,63
22,14	5,62
22,17	5,64
22,19	5,63
22,22	5,65
22,24	5,67
22,27	5,67
22,29	5,68
22,31	5,69
22,34	5,69
22,36	5,74
22,39	5,70
22,41	5,69
22,44	5,68
22,46	5,68
22,49	5,66
22,51	5,62
22,53	5,58
22,56	5,58
22,58	5,55
22,61	5,53
22,63	5,46
22,66	5,45
22,68	5,44
22,71	5,40
22,73	5,36
22,75	5,33
22,78	5,29
22,80	5,25
22,83	5,16
22,85	5,10
22,88	5,03
22,90	4,97
22,93	4,90
22,95	4,84
22,97	4,83
23,00	4,80
23,02	4,76
23,05	4,71
23,07	4,68
23,10	4,65
23,12	4,59
23,15	4,50
23,17	4,47
23,19	4,40
23,22	4,35
23,24	4,27
23,27	4,19
23,29	4,15
23,32	4,07
23,34	4,00
23,36	3,94
23,39	3,89
23,41	3,83
23,44	3,76
23,46	3,70
23,49	3,66
23,51	3,58
23,54	3,54
23,56	3,47
23,58	3,44
23,61	3,38
23,63	3,32
23,66	3,29
23,68	3,28
23,71	3,23
23,73	3,20
23,76	3,13
23,78	3,12
23,80	3,09
23,83	3,04
23,85	3,00
23,88	2,96
23,90	2,92
23,93	2,89
23,95	2,83
23,98	2,82
24,00	2,77
24,02	2,72
24,05	2,70
24,07	2,68
24,10	2,67
24,12	2,64
24,15	2,62
24,17	2,60
24,20	2,61
24,22	2,60
24,24	2,59
24,27	2,56
24,29	2,62
24,32	2,61
24,34	2,62
24,37	2,59
24,39	2,59
24,42	2,60
24,44	2,58
24,46	2,55
24,49	2,54
24,51	2,54
24,54	2,57
24,56	2,55
24,59	2,56
24,61	2,60
24,63	2,59
24,66	2,63
24,68	2,64
24,71	2,66
24,73	2,68
24,76	2,68
24,78	2,71
24,81	2,74
24,83	2,74
24,85	2,79
24,88	2,80
24,90	2,88
24,93	2,91
24,95	2,94
24,98	3,00
25,00	3,06
25,03	3,08
25,05	3,13
25,07	3,12
25,10	3,19
25,12	3,23
25,15	3,25
25,17	3,29
25,20	3,31
25,22	3,36
25,25	3,44
25,27	3,48
25,29	3,56
25,32	3,63
25,34	3,68
25,37	3,75
25,39	3,81
25,42	3,86
25,44	3,90
25,47	3,95
25,49	3,99
25,51	4,07
25,54	4,16
25,56	4,20
25,59	4,28
25,61	4,38
25,64	4,46
25,66	4,55
25,68	4,61
25,71	4,69
25,73	4,80
25,76	4,89
25,78	4,96
25,81	5,04
25,83	5,11
25,86	5,20
25,88	5,24
25,90	5,33
25,93	5,40
25,95	5,48
25,98	5,58
26,00	5,68
26,03	5,78
26,05	5,89
26,08	5,97
26,10	6,09
26,12	6,20
26,15	6,30
26,17	6,37
26,20	6,47
26,22	6,60
26,25	6,70
26,27	6,78
26,30	6,87
26,32	6,96
26,34	7,08
26,37	7,17
26,39	7,25
26,42	7,36
26,44	7,43
26,47	7,52
26,49	7,61
26,52	7,69
26,54	7,80
26,56	7,85
26,59	7,93
26,61	8,02
26,64	8,12
26,66	8,19
26,69	8,26
26,71	8,35
26,73	8,48
26,76	8,54
26,78	8,62
26,81	8,68
26,83	8,77
26,86	8,84
26,88	8,86
26,91	8,87
26,93	8,91
26,95	8,96
26,98	9,01
27,00	8,99
27,03	9,02
27,05	9,07
27,08	9,10
27,10	9,11
27,13	9,08
27,15	9,08
27,17	9,08
27,20	9,06
27,22	9,04
27,25	8,99
27,27	8,97
27,30	8,96
27,32	8,92
27,35	8,90
27,37	8,85
27,39	8,82
27,42	8,78
27,44	8,72
27,47	8,66
27,49	8,57
27,52	8,52
27,54	8,46
27,57	8,38
27,59	8,33
27,61	8,24
27,64	8,17
27,66	8,10
27,69	7,99
27,71	7,90
27,74	7,79
27,76	7,67
27,78	7,56
27,81	7,43
27,83	7,33
27,86	7,23
27,88	7,11
27,91	7,03
27,93	6,91
27,96	6,84
27,98	6,75
28,00	6,64
28,03	6,52
28,05	6,42
28,08	6,28
28,10	6,17
28,13	6,02
28,15	5,93
28,18	5,80
28,20	5,68
28,22	5,58
28,25	5,51
28,27	5,43
28,30	5,34
28,32	5,22
28,35	5,16
28,37	5,08
28,40	4,98
28,42	4,86
28,44	4,76
28,47	4,68
28,49	4,58
28,52	4,49
28,54	4,42
28,57	4,36
28,59	4,29
28,62	4,21
28,64	4,16
28,66	4,18
28,69	4,11
28,71	4,06
28,74	3,98
28,76	3,93
28,79	3,89
28,81	3,84
28,84	3,74
28,86	3,70
28,88	3,64
28,91	3,64
28,93	3,57
28,96	3,56
28,98	3,50
29,01	3,45
29,03	3,43
29,05	3,42
29,08	3,40
29,10	3,40
29,13	3,36
29,15	3,36
29,18	3,37
29,20	3,36
29,23	3,36
29,25	3,34
29,27	3,40
29,30	3,40
29,32	3,41
29,35	3,44
29,37	3,45
29,40	3,46
29,42	3,48
29,45	3,46
29,47	3,51
29,49	3,52
29,52	3,55
29,54	3,60
29,57	3,63
29,59	3,67
29,62	3,70
29,64	3,74
29,67	3,79
29,69	3,81
29,71	3,87
29,74	3,92
29,76	3,97
29,79	4,05
29,81	4,09
29,84	4,16
29,86	4,24
29,89	4,31
29,91	4,38
29,93	4,45
29,96	4,52
29,98	4,59
30,01	4,66
30,03	4,73
30,06	4,79
30,08	4,86
30,10	4,92
30,13	5,00
30,15	5,13
30,18	5,22
30,20	5,33
30,23	5,40
30,25	5,48
30,28	5,61
30,30	5,70
30,32	5,74
30,35	5,83
30,37	5,90
30,40	6,00
30,42	6,12
30,45	6,20
30,47	6,32
30,50	6,48
30,52	6,62
30,54	6,74
30,57	6,86
30,59	7,01
30,62	7,13
30,64	7,25
30,67	7,32
30,69	7,41
30,72	7,54
30,74	7,67
30,76	7,78
30,79	7,89
30,81	8,00
30,84	8,17
30,86	8,30
30,89	8,45
30,91	8,59
30,94	8,72
30,96	8,87
30,98	9,03
31,01	9,16
31,03	9,29
31,06	9,38
31,08	9,50
31,11	9,66
31,13	9,80
31,15	9,93
31,18	10,06
31,20	10,23
31,23	10,40
31,25	10,54
31,28	10,68
31,30	10,79
31,33	10,93
31,35	11,06
31,37	11,17
31,40	11,29
31,42	11,42
31,45	11,55
31,47	11,71
31,50	11,83
31,52	11,98
31,55	12,09
31,57	12,23
31,59	12,36
31,62	12,45
31,64	12,52
31,67	12,62
31,69	12,73
31,72	12,86
31,74	12,91
31,77	12,97
31,79	13,06
31,81	13,15
31,84	13,19
31,86	13,21
31,89	13,22
31,91	13,30
31,94	13,33
31,96	13,35
31,99	13,33
32,01	13,36
32,03	13,39
32,06	13,39
32,08	13,35
32,11	13,31
32,13	13,30
32,16	13,27
32,18	13,20
32,20	13,15
32,23	13,09
32,25	13,03
32,28	12,98
32,30	12,86
32,33	12,83
32,35	12,75
32,38	12,65
32,40	12,58
32,42	12,48
32,45	12,39
32,47	12,32
32,50	12,17
32,52	12,05
32,55	11,92
32,57	11,77
32,60	11,61
32,62	11,45
32,64	11,30
32,67	11,14
32,69	10,98
32,72	10,81
32,74	10,62
32,77	10,46
32,79	10,30
32,82	10,13
32,84	9,98
32,86	9,79
32,89	9,66
32,91	9,52
32,94	9,37
32,96	9,20
32,99	9,00
33,01	8,84
33,04	8,71
33,06	8,51
33,08	8,34
33,11	8,16
33,13	8,03
33,16	7,90
33,18	7,74
33,21	7,60
33,23	7,46
33,26	7,33
33,28	7,19
33,30	7,04
33,33	6,93
33,35	6,79
33,38	6,63
33,40	6,51
33,43	6,37
33,45	6,29
33,47	6,16
33,50	6,05
33,52	5,95
33,55	5,88
33,57	5,79
33,60	5,71
33,62	5,59
33,65	5,58
33,67	5,49
33,69	5,42
33,72	5,33
33,74	5,28
33,77	5,23
33,79	5,15
33,82	5,03
33,84	5,01
33,87	4,96
33,89	4,95
33,91	4,90
33,94	4,87
33,96	4,86
33,99	4,82
34,01	4,81
34,04	4,79
34,06	4,75
34,09	4,73
34,11	4,73
34,13	4,74
34,16	4,75
34,18	4,73
34,21	4,75
34,23	4,77
34,26	4,84
34,28	4,85
34,31	4,85
34,33	4,90
34,35	4,96
34,38	4,99
34,40	5,02
34,43	5,03
34,45	5,10
34,48	5,16
34,50	5,19
34,52	5,24
34,55	5,31
34,57	5,36
34,60	5,43
34,62	5,47
34,65	5,56
34,67	5,66
34,70	5,72
34,72	5,78
34,74	5,87
34,77	5,98
34,79	6,09
34,82	6,18
34,84	6,26
34,87	6,39
34,89	6,50
34,92	6,61
34,94	6,70
34,96	6,82
34,99	6,89
35,01	7,03
35,04	7,13
35,06	7,26
35,09	7,39
35,11	7,52
35,14	7,63
35,16	7,79
35,18	7,88
35,21	8,00
35,23	8,14
35,26	8,27
35,28	8,40
35,31	8,50
35,33	8,67
35,36	8,83
35,38	9,00
35,40	9,13
35,43	9,26
35,45	9,42
35,48	9,64
35,50	9,76
35,53	9,93
35,55	10,08
35,57	10,27
35,60	10,44
35,62	10,60
35,65	10,74
35,67	10,89
35,70	11,06
35,72	11,21
35,75	11,34
35,77	11,52
35,79	11,71
35,82	11,87
35,84	12,07
35,87	12,22
35,89	12,42
35,92	12,59
35,94	12,76
35,97	12,93
35,99	13,09
36,01	13,26
36,04	13,44
36,06	13,61
36,09	13,86
36,11	14,05
36,14	14,22
36,16	14,43
36,19	14,64
36,21	14,85
36,23	15,00
36,26	15,13
36,28	15,29
36,31	15,47
36,33	15,65
36,36	15,77
36,38	15,92
36,41	16,10
36,43	16,25
36,45	16,41
36,48	16,54
36,50	16,68
36,53	16,84
36,55	16,96
36,58	17,08
36,60	17,20
36,62	17,29
36,65	17,41
36,67	17,47
36,70	17,59
36,72	17,66
36,75	17,75
36,77	17,86
36,80	17,93
36,82	18,00
36,84	18,07
36,87	18,09
36,89	18,18
36,92	18,18
36,94	18,19
36,97	18,22
36,99	18,20
37,02	18,18
37,04	18,12
37,06	18,05
37,09	18,03
37,11	17,95
37,14	17,84
37,16	17,74
37,19	17,69
37,21	17,62
37,24	17,49
37,26	17,37
37,28	17,27
37,31	17,24
37,33	17,14
37,36	16,99
37,38	16,89
37,41	16,80
37,43	16,67
37,46	16,50
37,48	16,27
37,50	16,12
37,53	15,95
37,55	15,74
37,58	15,52
37,60	15,29
37,63	15,12
37,65	14,95
37,68	14,76
37,70	14,59
37,72	14,38
37,75	14,17
37,77	13,98
37,80	13,75
37,82	13,54
37,85	13,28
37,87	13,03
37,89	12,79
37,92	12,60
37,94	12,39
37,97	12,13
37,99	11,92
38,02	11,77
38,04	11,55
38,07	11,37
38,09	11,15
38,11	10,95
38,14	10,77
38,16	10,52
38,19	10,28
38,21	10,08
38,24	9,86
38,26	9,67
38,29	9,46
38,31	9,27
38,33	9,13
38,36	8,96
38,38	8,82
38,41	8,67
38,43	8,51
38,46	8,38
38,48	8,27
38,51	8,14
38,53	8,01
38,55	7,87
38,58	7,76
38,60	7,63
38,63	7,58
38,65	7,45
38,68	7,34
38,70	7,29
38,73	7,22
38,75	7,15
38,77	7,09
38,80	6,97
38,82	6,96
38,85	6,90
38,87	6,82
38,90	6,78
38,92	6,73
38,94	6,72
38,97	6,68
38,99	6,63
39,02	6,62
39,04	6,62
39,07	6,60
39,09	6,60
39,12	6,59
39,14	6,64
39,16	6,64
39,19	6,67
39,21	6,67
39,24	6,73
39,26	6,80
39,29	6,83
39,31	6,86
39,34	6,93
39,36	6,96
39,38	7,04
39,41	7,07
39,43	7,11
39,46	7,19
39,48	7,24
39,51	7,32
39,53	7,40
39,56	7,48
39,58	7,57
39,60	7,66
39,63	7,76
39,65	7,89
39,68	7,95
39,70	8,10
39,73	8,21
39,75	8,33
39,78	8,42
39,80	8,52
39,82	8,67
39,85	8,85
39,87	8,94
39,90	9,07
39,92	9,17
39,95	9,35
39,97	9,50
39,99	9,60
40,02	9,74
40,04	9,89
40,07	10,04
40,09	10,21
40,12	10,34
40,14	10,52
40,17	10,69
40,19	10,84
40,21	11,00
40,24	11,16
40,26	11,37
40,29	11,56
40,31	11,74
40,34	11,94
40,36	12,12
40,39	12,34
40,41	12,57
40,43	12,74
40,46	12,95
40,48	13,12
40,51	13,31
40,53	13,50
40,56	13,70
40,58	13,90
40,61	14,11
40,63	14,31
40,65	14,54
40,68	14,76
40,70	15,03
40,73	15,22
40,75	15,46
40,78	15,67
40,80	15,87
40,83	16,11
40,85	16,33
40,87	16,53
40,90	16,72
40,92	16,89
40,95	17,13
40,97	17,38
41,00	17,58
41,02	17,83
41,05	18,03
41,07	18,32
41,09	18,58
41,12	18,81
41,14	19,01
41,17	19,24
41,19	19,40
41,22	19,63
41,24	19,80
41,26	20,00
41,29	20,19
41,31	20,39
41,34	20,57
41,36	20,78
41,39	20,98
41,41	21,16
41,44	21,34
41,46	21,54
41,48	21,70
41,51	21,84
41,53	21,99
41,56	22,16
41,58	22,30
41,61	22,35
41,63	22,47
41,66	22,59
41,68	22,76
41,70	22,87
41,73	22,92
41,75	23,00
41,78	23,15
41,80	23,23
41,83	23,27
41,85	23,26
41,88	23,30
41,90	23,37
41,92	23,38
41,95	23,34
41,97	23,31
42,00	23,32
42,02	23,34
42,05	23,31
42,07	23,24
42,10	23,19
42,12	23,16
42,14	23,09
42,17	23,00
42,19	22,91
42,22	22,79
42,24	22,72
42,27	22,61
42,29	22,50
42,31	22,37
42,34	22,23
42,36	22,08
42,39	21,96
42,41	21,73
42,44	21,55
42,46	21,37
42,49	21,17
42,51	20,98
42,53	20,77
42,56	20,57
42,58	20,40
42,61	20,20
42,63	20,00
42,66	19,76
42,68	19,55
42,71	19,33
42,73	19,04
42,75	18,80
42,78	18,52
42,80	18,26
42,83	18,02
42,85	17,73
42,88	17,52
42,90	17,31
42,93	17,06
42,95	16,85
42,97	16,60
43,00	16,40
43,02	16,19
43,05	15,90
43,07	15,65
43,10	15,38
43,12	15,11
43,15	14,86
43,17	14,57
43,19	14,36
43,22	14,13
43,24	13,90
43,27	13,71
43,29	13,51
43,32	13,33
43,34	13,11
43,36	12,89
43,39	12,70
43,41	12,50
43,44	12,31
43,46	12,11
43,49	11,91
43,51	11,76
43,54	11,57
43,56	11,43
43,58	11,29
43,61	11,18
43,63	11,09
43,66	10,95
43,68	10,85
43,71	10,77
43,73	10,63
43,76	10,52
43,78	10,38
43,80	10,25
43,83	10,19
43,85	10,13
43,88	10,07
43,90	10,01
43,93	9,94
43,95	9,88
43,98	9,84
44,00	9,83
44,02	9,76
44,05	9,68
44,07	9,67
44,10	9,67
44,12	9,68
44,15	9,66
44,17	9,63
44,20	9,69
44,22	9,75
44,24	9,78
44,27	9,80
44,29	9,82
44,32	9,89
44,34	9,93
44,37	9,93
44,39	9,98
44,41	10,04
44,44	10,13
44,46	10,20
44,49	10,26
44,51	10,38
44,54	10,48
44,56	10,59
44,59	10,67
44,61	10,74
44,63	10,87
44,66	10,95
44,68	11,04
44,71	11,14
44,73	11,23
44,76	11,39
44,78	11,54
44,81	11,68
44,83	11,89
44,85	12,03
44,88	12,20
44,90	12,40
44,93	12,55
44,95	12,71
44,98	12,87
45,00	13,01
45,03	13,19
45,05	13,37
45,07	13,55
45,10	13,72
45,12	13,93
45,15	14,12
45,17	14,32
45,20	14,56
45,22	14,81
45,25	15,02
45,27	15,22
45,29	15,43
45,32	15,66
45,34	15,89
45,37	16,07
45,39	16,25
45,42	16,44
45,44	16,71
45,47	16,93
45,49	17,17
45,51	17,41
45,54	17,66
45,56	17,92
45,59	18,20
45,61	18,43
45,64	18,71
45,66	18,96
45,68	19,17
45,71	19,40
45,73	19,64
45,76	19,93
45,78	20,16
45,81	20,38
45,83	20,65
45,86	20,94
45,88	21,21
45,90	21,48
45,93	21,70
45,95	21,99
45,98	22,29
46,00	22,52
46,03	22,77
46,05	23,07
46,08	23,33
46,10	23,56
46,12	23,79
46,15	24,05
46,17	24,31
46,20	24,60
46,22	24,83
46,25	25,09
46,27	25,37
46,30	25,61
46,32	25,80
46,34	26,04
46,37	26,22
46,39	26,44
46,42	26,61
46,44	26,82
46,47	27,03
46,49	27,22
46,52	27,41
46,54	27,56
46,56	27,74
46,59	27,91
46,61	28,08
46,64	28,23
46,66	28,41
46,69	28,55
46,71	28,72
46,73	28,83
46,76	29,00
46,78	29,04
46,81	29,13
46,83	29,22
46,86	29,30
46,88	29,37
46,91	29,43
46,93	29,47
46,95	29,58
46,98	29,61
47,00	29,61
47,03	29,61
47,05	29,65
47,08	29,68
47,10	29,61
47,13	29,58
47,15	29,54
47,17	29,54
47,20	29,50
47,22	29,37
47,25	29,29
47,27	29,26
47,30	29,17
47,32	29,07
47,35	28,91
47,37	28,81
47,39	28,73
47,42	28,60
47,44	28,42
47,47	28,25
47,49	28,12
47,52	27,98
47,54	27,79
47,57	27,60
47,59	27,37
47,61	27,20
47,64	27,00
47,66	26,78
47,69	26,56
47,71	26,29
47,74	26,03
47,76	25,83
47,78	25,61
47,81	25,40
47,83	25,13
47,86	24,91
47,88	24,70
47,91	24,45
47,93	24,19
47,96	23,92
47,98	23,64
48,00	23,37
48,03	23,05
48,05	22,79
48,08	22,52
48,10	22,25
48,13	22,00
48,15	21,72
48,18	21,48
48,20	21,26
48,22	21,02
48,25	20,80
48,27	20,51
48,30	20,23
48,32	19,95
48,35	19,66
48,37	19,44
48,40	19,17
48,42	18,89
48,44	18,72
48,47	18,52
48,49	18,35
48,52	18,17
48,54	17,96
48,57	17,81
48,59	17,68
48,62	17,47
48,64	17,28
48,66	17,09
48,69	16,95
48,71	16,77
48,74	16,57
48,76	16,39
48,79	16,22
48,81	16,12
48,84	16,01
48,86	15,87
48,88	15,77
48,91	15,70
48,93	15,62
48,96	15,55
48,98	15,45
49,01	15,41
49,03	15,36
49,05	15,31
49,08	15,24
49,10	15,21
49,13	15,19
49,15	15,17
49,18	15,12
49,20	15,13
49,23	15,13
49,25	15,14
49,27	15,15
49,30	15,16
49,32	15,19
49,35	15,24
49,37	15,29
49,40	15,33
49,42	15,38
49,45	15,45
49,47	15,52
49,49	15,59
49,52	15,63
49,54	15,68
49,57	15,79
49,59	15,89
49,62	16,00
49,64	16,05
49,67	16,14
49,69	16,33
49,71	16,50
49,74	16,60
49,76	16,76
49,79	16,89
49,81	17,14
49,84	17,32
49,86	17,41
49,89	17,55
49,91	17,75
49,93	17,92
49,96	18,07
49,98	18,14
