Voltage U1	Corriente IA
U1/V	IA/nA

0,02	0,51
0,04	0,52
0,07	0,52
0,09	0,53
0,12	0,53
0,14	0,53
0,17	0,54
0,19	0,51
0,21	0,52
0,24	0,52
0,26	0,52
0,29	0,54
0,31	0,51
0,34	0,52
0,36	0,56
0,39	0,56
0,41	0,57
0,43	0,57
0,46	0,59
0,48	0,61
0,51	0,59
0,53	0,59
0,56	0,59
0,58	0,59
0,61	0,60
0,63	0,58
0,65	0,59
0,68	0,57
0,70	0,56
0,73	0,55
0,75	0,52
0,78	0,54
0,80	0,51
0,83	0,50
0,85	0,52
0,87	0,51
0,90	0,53
0,92	0,54
0,95	0,54
0,97	0,59
1,00	0,56
1,02	0,56
1,05	0,56
1,07	0,55
1,09	0,58
1,12	0,56
1,14	0,54
1,17	0,56
1,19	0,56
1,22	0,56
1,24	0,55
1,26	0,54
1,29	0,55
1,31	0,53
1,34	0,52
1,36	0,52
1,39	0,52
1,41	0,52
1,44	0,50
1,46	0,50
1,48	0,51
1,51	0,51
1,53	0,50
1,56	0,48
1,58	0,50
1,61	0,51
1,63	0,51
1,66	0,52
1,68	0,52
1,70	0,53
1,73	0,55
1,75	0,53
1,78	0,54
1,80	0,54
1,83	0,54
1,85	0,55
1,88	0,55
1,90	0,56
1,92	0,56
1,95	0,56
1,97	0,56
2,00	0,53
2,02	0,52
2,05	0,51
2,07	0,50
2,10	0,51
2,12	0,50
2,14	0,51
2,17	0,54
2,19	0,56
2,22	0,55
2,24	0,55
2,27	0,54
2,29	0,57
2,31	0,55
2,34	0,54
2,36	0,52
2,39	0,53
2,41	0,55
2,44	0,54
2,46	0,53
2,49	0,54
2,51	0,55
2,53	0,55
2,56	0,55
2,58	0,56
2,61	0,57
2,63	0,54
2,66	0,55
2,68	0,54
2,71	0,55
2,73	0,54
2,75	0,51
2,78	0,51
2,80	0,54
2,83	0,54
2,85	0,54
2,88	0,55
2,90	0,59
2,93	0,60
2,95	0,60
2,97	0,58
3,00	0,59
3,02	0,61
3,05	0,59
3,07	0,56
3,10	0,57
3,12	0,57
3,15	0,57
3,17	0,57
3,19	0,56
3,22	0,57
3,24	0,53
3,27	0,53
3,29	0,53
3,32	0,51
3,34	0,50
3,36	0,50
3,39	0,50
3,41	0,54
3,44	0,54
3,46	0,54
3,49	0,54
3,51	0,58
3,54	0,58
3,56	0,56
3,58	0,56
3,61	0,57
3,63	0,56
3,66	0,57
3,68	0,53
3,71	0,53
3,73	0,53
3,76	0,53
3,78	0,53
3,80	0,53
3,83	0,54
3,85	0,53
3,88	0,51
3,90	0,53
3,93	0,52
3,95	0,50
3,98	0,51
4,00	0,52
4,02	0,55
4,05	0,54
4,07	0,54
4,10	0,54
4,12	0,54
4,15	0,54
4,17	0,52
4,20	0,51
4,22	0,54
4,24	0,53
4,27	0,54
4,29	0,55
4,32	0,55
4,34	0,55
4,37	0,54
4,39	0,53
4,42	0,54
4,44	0,54
4,46	0,53
4,49	0,52
4,51	0,53
4,54	0,55
4,56	0,53
4,59	0,53
4,61	0,51
4,63	0,53
4,66	0,54
4,68	0,53
4,71	0,53
4,73	0,57
4,76	0,56
4,78	0,56
4,81	0,54
4,83	0,57
4,85	0,57
4,88	0,56
4,90	0,54
4,93	0,55
4,95	0,56
4,98	0,58
5,00	0,57
5,03	0,57
5,05	0,56
5,07	0,57
5,10	0,57
5,12	0,57
5,15	0,59
5,17	0,57
5,20	0,57
5,22	0,58
5,25	0,58
5,27	0,58
5,29	0,58
5,32	0,58
5,34	0,61
5,37	0,60
5,39	0,60
5,42	0,59
5,44	0,58
5,47	0,60
5,49	0,56
5,51	0,55
5,54	0,57
5,56	0,56
5,59	0,56
5,61	0,54
5,64	0,54
5,66	0,56
5,68	0,54
5,71	0,55
5,73	0,55
5,76	0,55
5,78	0,55
5,81	0,54
5,83	0,55
5,86	0,57
5,88	0,55
5,90	0,57
5,93	0,57
5,95	0,61
5,98	0,61
6,00	0,59
6,03	0,61
6,05	0,62
6,08	0,62
6,10	0,63
6,12	0,60
6,15	0,62
6,17	0,63
6,20	0,62
6,22	0,62
6,25	0,60
6,27	0,60
6,30	0,60
6,32	0,59
6,34	0,59
6,37	0,59
6,39	0,58
6,42	0,57
6,44	0,58
6,47	0,59
6,49	0,55
6,52	0,55
6,54	0,56
6,56	0,60
6,59	0,60
6,61	0,58
6,64	0,59
6,66	0,68
6,69	0,66
6,71	0,66
6,73	0,63
6,76	0,66
6,78	0,68
6,81	0,68
6,83	0,64
6,86	0,65
6,88	0,66
6,91	0,67
6,93	0,63
6,95	0,64
6,98	0,63
7,00	0,62
7,03	0,63
7,05	0,60
7,08	0,61
7,10	0,63
7,13	0,62
7,15	0,65
7,17	0,68
7,20	0,67
7,22	0,70
7,25	0,68
7,27	0,73
7,30	0,73
7,32	0,71
7,35	0,73
7,37	0,74
7,39	0,75
7,42	0,76
7,44	0,72
7,47	0,73
7,49	0,72
7,52	0,70
7,54	0,71
7,57	0,70
7,59	0,72
7,61	0,72
7,64	0,73
7,66	0,75
7,69	0,75
7,71	0,76
7,74	0,77
7,76	0,75
7,78	0,79
7,81	0,77
7,83	0,79
7,86	0,78
7,88	0,80
7,91	0,80
7,93	0,78
7,96	0,78
7,98	0,81
8,00	0,80
8,03	0,83
8,05	0,80
8,08	0,81
8,10	0,84
8,13	0,81
8,15	0,82
8,18	0,80
8,20	0,79
8,22	0,79
8,25	0,78
8,27	0,81
8,30	0,82
8,32	0,81
8,35	0,82
8,37	0,81
8,40	0,86
8,42	0,85
8,44	0,83
8,47	0,84
8,49	0,85
8,52	0,87
8,54	0,88
8,57	0,86
8,59	0,90
8,62	0,89
8,64	0,89
8,66	0,90
8,69	0,90
8,71	0,91
8,74	0,90
8,76	0,87
8,79	0,89
8,81	0,87
8,84	0,85
8,86	0,85
8,88	0,84
8,91	0,87
8,93	0,87
8,96	0,87
8,98	0,89
9,01	0,91
9,03	0,90
9,05	0,89
9,08	0,89
9,10	0,92
9,13	0,91
9,15	0,91
9,18	0,91
9,20	0,94
9,23	0,96
9,25	0,93
9,27	0,91
9,30	0,93
9,32	0,94
9,35	0,95
9,37	0,92
9,40	0,93
9,42	0,94
9,45	0,95
9,47	0,94
9,49	0,92
9,52	0,93
9,54	0,92
9,57	0,90
9,59	0,90
9,62	0,91
9,64	0,91
9,67	0,92
9,69	0,90
9,71	0,97
9,74	0,98
9,76	0,99
9,79	0,98
9,81	1,01
9,84	1,05
9,86	1,04
9,89	0,99
9,91	1,01
9,93	1,00
9,96	1,00
9,98	0,97
10,01	0,95
10,03	0,96
10,06	0,95
10,08	0,95
10,10	0,96
10,13	0,97
10,15	0,96
10,18	0,94
10,20	0,95
10,23	0,97
10,25	0,95
10,28	0,94
10,30	0,93
10,32	0,98
10,35	0,99
10,37	0,97
10,40	0,99
10,42	1,03
10,45	1,04
10,47	1,06
10,50	1,04
10,52	1,06
10,54	1,07
10,57	1,06
10,59	1,05
10,62	1,04
10,64	1,06
10,67	1,05
10,69	1,03
10,72	1,04
10,74	1,05
10,76	1,03
10,79	1,04
10,81	1,01
10,84	1,04
10,86	1,03
10,89	1,03
10,91	1,03
10,94	1,08
10,96	1,08
10,98	1,09
11,01	1,10
11,03	1,16
11,06	1,16
11,08	1,17
11,11	1,14
11,13	1,17
11,15	1,22
11,18	1,21
11,20	1,19
11,23	1,20
11,25	1,21
11,28	1,23
11,30	1,21
11,33	1,20
11,35	1,20
11,37	1,18
11,40	1,19
11,42	1,19
11,45	1,20
11,47	1,21
11,50	1,19
11,52	1,22
11,55	1,28
11,57	1,27
11,59	1,29
11,62	1,28
11,64	1,33
11,67	1,35
11,69	1,35
11,72	1,33
11,74	1,32
11,77	1,34
11,79	1,37
11,81	1,34
11,84	1,35
11,86	1,36
11,89	1,37
11,91	1,40
11,94	1,40
11,96	1,43
11,99	1,42
12,01	1,43
12,03	1,47
12,06	1,48
12,08	1,49
12,11	1,49
12,13	1,49
12,16	1,55
12,18	1,54
12,21	1,56
12,23	1,56
12,25	1,59
12,28	1,62
12,30	1,61
12,33	1,61
12,35	1,64
12,38	1,63
12,40	1,64
12,42	1,62
12,45	1,63
12,47	1,66
12,50	1,67
12,52	1,68
12,55	1,69
12,57	1,69
12,60	1,71
12,62	1,70
12,64	1,71
12,67	1,69
12,69	1,67
12,72	1,67
12,74	1,67
12,77	1,69
12,79	1,69
12,82	1,69
12,84	1,73
12,86	1,76
12,89	1,78
12,91	1,79
12,94	1,79
12,96	1,81
12,99	1,81
13,01	1,79
13,04	1,77
13,06	1,76
13,08	1,77
13,11	1,75
13,13	1,74
13,16	1,75
13,18	1,75
13,21	1,75
13,23	1,74
13,26	1,74
13,28	1,75
13,30	1,73
13,33	1,73
13,35	1,73
13,38	1,74
13,40	1,74
13,43	1,73
13,45	1,73
13,47	1,76
13,50	1,74
13,52	1,72
13,55	1,71
13,57	1,73
13,60	1,73
13,62	1,73
13,65	1,72
13,67	1,73
13,69	1,74
13,72	1,75
13,74	1,71
13,77	1,72
13,79	1,71
13,82	1,69
13,84	1,68
13,87	1,67
13,89	1,66
13,91	1,66
13,94	1,65
13,96	1,65
13,99	1,65
14,01	1,64
14,04	1,65
14,06	1,63
14,09	1,67
14,11	1,64
14,13	1,65
14,16	1,63
14,18	1,65
14,21	1,64
14,23	1,65
14,26	1,61
14,28	1,61
14,31	1,59
14,33	1,60
14,35	1,57
14,38	1,56
14,40	1,58
14,43	1,56
14,45	1,57
14,48	1,58
14,50	1,57
14,52	1,58
14,55	1,57
14,57	1,55
14,60	1,58
14,62	1,53
14,65	1,53
14,67	1,55
14,70	1,57
14,72	1,57
14,74	1,55
14,77	1,56
14,79	1,62
14,82	1,60
14,84	1,62
14,87	1,56
14,89	1,58
14,92	1,61
14,94	1,58
14,96	1,59
14,99	1,59
15,01	1,58
15,04	1,60
15,06	1,57
15,09	1,59
15,11	1,59
15,14	1,55
15,16	1,57
15,18	1,57
15,21	1,59
15,23	1,61
15,26	1,60
15,28	1,63
15,31	1,67
15,33	1,69
15,36	1,70
15,38	1,70
15,40	1,77
15,43	1,78
15,45	1,80
15,48	1,79
15,50	1,80
15,53	1,82
15,55	1,83
15,57	1,81
15,60	1,83
15,62	1,85
15,65	1,87
15,67	1,88
15,70	1,90
15,72	1,92
15,75	1,91
15,77	1,91
15,79	1,91
15,82	1,92
15,84	1,93
15,87	1,95
15,89	1,98
15,92	2,05
15,94	2,08
15,97	2,13
15,99	2,14
16,01	2,21
16,04	2,22
16,06	2,24
16,09	2,25
16,11	2,28
16,14	2,30
16,16	2,35
16,19	2,35
16,21	2,40
16,23	2,43
16,26	2,46
16,28	2,49
16,31	2,52
16,33	2,56
16,36	2,58
16,38	2,60
16,41	2,63
16,43	2,66
16,45	2,69
16,48	2,71
16,50	2,72
16,53	2,78
16,55	2,82
16,58	2,88
16,60	2,92
16,63	2,99
16,65	3,04
16,67	3,08
16,70	3,11
16,72	3,16
16,75	3,15
16,77	3,19
16,80	3,20
16,82	3,23
16,84	3,25
16,87	3,27
16,89	3,29
16,92	3,35
16,94	3,37
16,97	3,40
16,99	3,42
17,02	3,48
17,04	3,53
17,06	3,53
17,09	3,54
17,11	3,55
17,14	3,59
17,16	3,60
17,19	3,61
17,21	3,62
17,24	3,69
17,26	3,72
17,28	3,76
17,31	3,75
17,33	3,80
17,36	3,80
17,38	3,81
17,41	3,79
17,43	3,78
17,46	3,78
17,48	3,78
17,50	3,75
17,53	3,73
17,55	3,73
17,58	3,73
17,60	3,74
17,63	3,74
17,65	3,74
17,68	3,71
17,70	3,72
17,72	3,72
17,75	3,73
17,77	3,72
17,80	3,69
17,82	3,68
17,85	3,73
17,87	3,70
17,89	3,68
17,92	3,67
17,94	3,65
17,97	3,65
17,99	3,60
18,02	3,55
18,04	3,55
18,07	3,52
18,09	3,50
18,11	3,45
18,14	3,43
18,16	3,43
18,19	3,39
18,21	3,38
18,24	3,35
18,26	3,32
18,29	3,29
18,31	3,25
18,33	3,25
18,36	3,22
18,38	3,17
18,41	3,17
18,43	3,13
18,46	3,15
18,48	3,13
18,51	3,08
18,53	3,06
18,55	3,03
18,58	3,00
18,60	2,98
18,63	2,93
18,65	2,94
18,68	2,91
18,70	2,87
18,73	2,86
18,75	2,82
18,77	2,80
18,80	2,77
18,82	2,72
18,85	2,71
18,87	2,68
18,90	2,65
18,92	2,62
18,94	2,59
18,97	2,57
18,99	2,52
19,02	2,50
19,04	2,48
19,07	2,49
19,09	2,51
19,12	2,48
19,14	2,48
19,16	2,51
19,19	2,47
19,21	2,47
19,24	2,44
19,26	2,40
19,29	2,41
19,31	2,36
19,34	2,34
19,36	2,35
19,38	2,33
19,41	2,33
19,43	2,30
19,46	2,31
19,48	2,33
19,51	2,29
19,53	2,29
19,56	2,28
19,58	2,28
19,60	2,27
19,63	2,25
19,65	2,25
19,68	2,29
19,70	2,30
19,73	2,31
19,75	2,30
19,78	2,37
19,80	2,38
19,82	2,39
19,85	2,38
19,87	2,40
19,90	2,41
19,92	2,43
19,95	2,41
19,97	2,46
19,99	2,48
20,02	2,51
20,04	2,52
20,07	2,55
20,09	2,58
20,12	2,60
20,14	2,60
20,17	2,63
20,19	2,65
20,21	2,68
20,24	2,71
20,26	2,75
20,29	2,82
20,31	2,83
20,34	2,87
20,36	2,91
20,39	2,96
20,41	3,02
20,43	3,06
20,46	3,09
20,48	3,15
20,51	3,18
20,53	3,22
20,56	3,24
20,58	3,29
20,61	3,32
20,63	3,36
20,65	3,42
20,68	3,48
20,70	3,54
20,73	3,59
20,75	3,65
20,78	3,71
20,80	3,78
20,83	3,81
20,85	3,87
20,87	3,93
20,90	4,02
20,92	4,06
20,95	4,10
20,97	4,17
21,00	4,25
21,02	4,32
21,05	4,38
21,07	4,43
21,09	4,53
21,12	4,63
21,14	4,70
21,17	4,76
21,19	4,83
21,22	4,91
21,24	5,01
21,26	5,07
21,29	5,13
21,31	5,18
21,34	5,25
21,36	5,33
21,39	5,41
21,41	5,49
21,44	5,54
21,46	5,63
21,48	5,73
21,51	5,82
21,53	5,93
21,56	5,98
21,58	6,04
21,61	6,14
21,63	6,20
21,66	6,27
21,68	6,33
21,70	6,40
21,73	6,49
21,75	6,55
21,78	6,60
21,80	6,67
21,83	6,75
21,85	6,82
21,88	6,83
21,90	6,87
21,92	6,93
21,95	6,97
21,97	7,04
22,00	7,04
22,02	7,06
22,05	7,11
22,07	7,14
22,10	7,15
22,12	7,16
22,14	7,16
22,17	7,20
22,19	7,20
22,22	7,24
22,24	7,22
22,27	7,23
22,29	7,25
22,31	7,23
22,34	7,22
22,36	7,21
22,39	7,18
22,41	7,20
22,44	7,16
22,46	7,13
22,49	7,10
22,51	7,06
22,53	7,04
22,56	6,96
22,58	6,90
22,61	6,86
22,63	6,82
22,66	6,76
22,68	6,69
22,71	6,64
22,73	6,62
22,75	6,55
22,78	6,48
22,80	6,40
22,83	6,37
22,85	6,31
22,88	6,24
22,90	6,17
22,93	6,11
22,95	6,06
22,97	6,01
23,00	5,91
23,02	5,85
23,05	5,77
23,07	5,69
23,10	5,63
23,12	5,53
23,15	5,44
23,17	5,37
23,19	5,28
23,22	5,21
23,24	5,13
23,27	5,03
23,29	4,96
23,32	4,87
23,34	4,81
23,36	4,73
23,39	4,66
23,41	4,62
23,44	4,60
23,46	4,56
23,49	4,49
23,51	4,41
23,54	4,37
23,56	4,29
23,58	4,22
23,61	4,12
23,63	4,04
23,66	4,02
23,68	3,99
23,71	3,94
23,73	3,91
23,76	3,86
23,78	3,84
23,80	3,79
23,83	3,74
23,85	3,68
23,88	3,62
23,90	3,59
23,93	3,54
23,95	3,50
23,98	3,47
24,00	3,45
24,02	3,44
24,05	3,45
24,07	3,42
24,10	3,41
24,12	3,38
24,15	3,41
24,17	3,39
24,20	3,36
24,22	3,34
24,24	3,35
24,27	3,35
24,29	3,35
24,32	3,32
24,34	3,32
24,37	3,32
24,39	3,33
24,42	3,31
24,44	3,31
24,46	3,35
24,49	3,34
24,51	3,35
24,54	3,38
24,56	3,38
24,59	3,40
24,61	3,42
24,63	3,43
24,66	3,51
24,68	3,53
24,71	3,57
24,73	3,61
24,76	3,66
24,78	3,71
24,81	3,75
24,83	3,77
24,85	3,82
24,88	3,85
24,90	3,93
24,93	3,96
24,95	4,01
24,98	4,07
25,00	4,16
25,03	4,22
25,05	4,28
25,07	4,33
25,10	4,38
25,12	4,44
25,15	4,51
25,17	4,54
25,20	4,59
25,22	4,69
25,25	4,75
25,27	4,88
25,29	4,95
25,32	5,02
25,34	5,13
25,37	5,26
25,39	5,32
25,42	5,41
25,44	5,46
25,47	5,58
25,49	5,68
25,51	5,75
25,54	5,83
25,56	5,93
25,59	6,04
25,61	6,15
25,64	6,23
25,66	6,36
25,68	6,47
25,71	6,56
25,73	6,68
25,76	6,79
25,78	6,91
25,81	7,00
25,83	7,10
25,86	7,21
25,88	7,32
25,90	7,44
25,93	7,55
25,95	7,68
25,98	7,86
26,00	7,99
26,03	8,14
26,05	8,29
26,08	8,43
26,10	8,58
26,12	8,69
26,15	8,79
26,17	8,91
26,20	9,01
26,22	9,14
26,25	9,24
26,27	9,35
26,30	9,50
26,32	9,62
26,34	9,75
26,37	9,89
26,39	10,02
26,42	10,17
26,44	10,30
26,47	10,42
26,49	10,54
26,52	10,67
26,54	10,80
26,56	10,86
26,59	11,00
26,61	11,10
26,64	11,21
26,66	11,35
26,69	11,44
26,71	11,53
26,73	11,66
26,76	11,72
26,78	11,82
26,81	11,89
26,83	11,95
26,86	12,02
26,88	12,07
26,91	12,11
26,93	12,12
26,95	12,15
26,98	12,20
27,00	12,23
27,03	12,22
27,05	12,24
27,08	12,28
27,10	12,31
27,13	12,29
27,15	12,25
27,17	12,22
27,20	12,25
27,22	12,23
27,25	12,15
27,27	12,12
27,30	12,09
27,32	12,05
27,35	12,00
27,37	11,86
27,39	11,80
27,42	11,74
27,44	11,63
27,47	11,51
27,49	11,39
27,52	11,29
27,54	11,22
27,57	11,12
27,59	10,99
27,61	10,86
27,64	10,74
27,66	10,63
27,69	10,45
27,71	10,31
27,74	10,13
27,76	9,99
27,78	9,84
27,81	9,72
27,83	9,58
27,86	9,46
27,88	9,32
27,91	9,24
27,93	9,10
27,96	8,98
27,98	8,82
28,00	8,69
28,03	8,54
28,05	8,36
28,08	8,18
28,10	8,02
28,13	7,87
28,15	7,72
28,18	7,55
28,20	7,39
28,22	7,28
28,25	7,15
28,27	7,06
28,30	6,92
28,32	6,81
28,35	6,69
28,37	6,59
28,40	6,50
28,42	6,39
28,44	6,25
28,47	6,16
28,49	6,06
28,52	6,00
28,54	5,89
28,57	5,77
28,59	5,70
28,62	5,61
28,64	5,53
28,66	5,44
28,69	5,33
28,71	5,30
28,74	5,25
28,76	5,16
28,79	5,11
28,81	5,06
28,84	5,03
28,86	4,98
28,88	4,92
28,91	4,87
28,93	4,82
28,96	4,80
28,98	4,76
29,01	4,72
29,03	4,77
29,05	4,74
29,08	4,73
29,10	4,75
29,13	4,73
29,15	4,75
29,18	4,75
29,20	4,72
29,23	4,76
29,25	4,75
29,27	4,78
29,30	4,79
29,32	4,81
29,35	4,85
29,37	4,84
29,40	4,88
29,42	4,94
29,45	4,97
29,47	5,03
29,49	5,08
29,52	5,15
29,54	5,23
29,57	5,27
29,59	5,36
29,62	5,43
29,64	5,50
29,67	5,57
29,69	5,61
29,71	5,69
29,74	5,79
29,76	5,85
29,79	5,94
29,81	6,01
29,84	6,13
29,86	6,24
29,89	6,34
29,91	6,44
29,93	6,55
29,96	6,65
29,98	6,74
30,01	6,81
30,03	6,93
30,06	7,03
30,08	7,12
30,10	7,23
30,13	7,35
30,15	7,52
30,18	7,65
30,20	7,78
30,23	7,94
30,25	8,09
30,28	8,24
30,30	8,37
30,32	8,47
30,35	8,65
30,37	8,75
30,40	8,89
30,42	9,03
30,45	9,19
30,47	9,38
30,50	9,52
30,52	9,69
30,54	9,88
30,57	10,05
30,59	10,27
30,62	10,46
30,64	10,64
30,67	10,83
30,69	10,95
30,72	11,15
30,74	11,32
30,76	11,46
30,79	11,61
30,81	11,75
30,84	11,96
30,86	12,19
30,89	12,37
30,91	12,58
30,94	12,75
30,96	12,98
30,98	13,23
31,01	13,41
31,03	13,59
31,06	13,79
31,08	13,97
31,11	14,18
31,13	14,35
31,15	14,53
31,18	14,73
31,20	14,93
31,23	15,13
31,25	15,33
31,28	15,55
31,30	15,76
31,33	15,97
31,35	16,18
31,37	16,33
31,40	16,49
31,42	16,66
31,45	16,81
31,47	17,01
31,50	17,14
31,52	17,29
31,55	17,49
31,57	17,71
31,59	17,88
31,62	18,00
31,64	18,11
31,67	18,29
31,69	18,43
31,72	18,54
31,74	18,58
31,77	18,65
31,79	18,78
31,81	18,83
31,84	18,83
31,86	18,86
31,89	18,92
31,91	18,98
31,94	18,95
31,96	18,95
31,99	18,95
32,01	18,98
32,03	18,97
32,06	18,88
32,08	18,85
32,11	18,86
32,13	18,84
32,16	18,79
32,18	18,71
32,20	18,65
32,23	18,61
32,25	18,50
32,28	18,36
32,30	18,18
32,33	18,05
32,35	17,91
32,38	17,75
32,40	17,60
32,42	17,44
32,45	17,32
32,47	17,20
32,50	16,99
32,52	16,83
32,55	16,62
32,57	16,41
32,60	16,19
32,62	15,90
32,64	15,66
32,67	15,44
32,69	15,20
32,72	14,95
32,74	14,72
32,77	14,52
32,79	14,38
32,82	14,16
32,84	13,94
32,86	13,69
32,89	13,51
32,91	13,27
32,94	13,00
32,96	12,72
32,99	12,46
33,01	12,23
33,04	11,98
33,06	11,73
33,08	11,49
33,11	11,26
33,13	11,05
33,16	10,84
33,18	10,65
33,21	10,51
33,23	10,28
33,26	10,09
33,28	9,91
33,30	9,70
33,33	9,53
33,35	9,30
33,38	9,09
33,40	9,00
33,43	8,85
33,45	8,70
33,47	8,58
33,50	8,46
33,52	8,37
33,55	8,25
33,57	8,10
33,60	8,00
33,62	7,89
33,65	7,79
33,67	7,68
33,69	7,58
33,72	7,52
33,74	7,44
33,77	7,38
33,79	7,30
33,82	7,23
33,84	7,19
33,87	7,15
33,89	7,11
33,91	7,08
33,94	7,03
33,96	7,04
33,99	7,02
34,01	7,03
34,04	7,01
34,06	7,00
34,09	7,02
34,11	7,07
34,13	7,07
34,16	7,10
34,18	7,10
34,21	7,17
34,23	7,22
34,26	7,25
34,28	7,29
34,31	7,37
34,33	7,45
34,35	7,50
34,38	7,55
34,40	7,66
34,43	7,76
34,45	7,84
34,48	7,91
34,50	7,97
34,52	8,11
34,55	8,20
34,57	8,28
34,60	8,38
34,62	8,52
34,65	8,64
34,67	8,79
34,70	8,91
34,72	9,08
34,74	9,25
34,77	9,41
34,79	9,53
34,82	9,70
34,84	9,84
34,87	10,01
34,89	10,16
34,92	10,30
34,94	10,46
34,96	10,65
34,99	10,82
35,01	11,02
35,04	11,18
35,06	11,35
35,09	11,55
35,11	11,76
35,14	11,96
35,16	12,17
35,18	12,33
35,21	12,54
35,23	12,76
35,26	12,95
35,28	13,15
35,31	13,33
35,33	13,56
35,36	13,81
35,38	14,04
35,40	14,30
35,43	14,57
35,45	14,81
35,48	15,07
35,50	15,28
35,53	15,55
35,55	15,79
35,57	15,99
35,60	16,20
35,62	16,43
35,65	16,70
35,67	16,96
35,70	17,18
35,72	17,48
35,75	17,73
35,77	18,00
35,79	18,29
35,82	18,56
35,84	18,87
35,87	19,17
35,89	19,41
35,92	19,68
35,94	19,97
35,97	20,25
35,99	20,50
36,01	20,73
36,04	20,99
36,06	21,27
36,09	21,61
36,11	21,90
36,14	22,19
36,16	22,50
36,19	22,78
36,21	23,05
36,23	23,33
36,26	23,56
36,28	23,81
36,31	23,98
36,33	24,20
36,36	24,46
36,38	24,68
36,41	24,95
36,43	25,14
36,45	25,37
36,48	25,66
36,50	25,90
36,53	26,11
36,55	26,32
36,58	26,52
36,60	26,74
36,62	26,89
36,65	27,03
36,67	27,16
36,70	27,30
36,72	27,43
36,75	27,53
36,77	27,60
36,80	27,71
36,82	27,82
36,84	27,91
36,87	27,93
36,89	27,94
36,92	27,96
36,94	28,03
36,97	28,04
36,99	27,95
37,02	27,91
37,04	27,92
37,06	27,89
37,09	27,81
37,11	27,67
37,14	27,55
37,16	27,53
37,19	27,37
37,21	27,19
37,24	26,98
37,26	26,85
37,28	26,74
37,31	26,59
37,33	26,34
37,36	26,13
37,38	25,97
37,41	25,79
37,43	25,51
37,46	25,25
37,48	24,95
37,50	24,70
37,53	24,44
37,55	24,13
37,58	23,84
37,60	23,51
37,63	23,22
37,65	22,93
37,68	22,60
37,70	22,31
37,72	22,00
37,75	21,68
37,77	21,42
37,80	21,04
37,82	20,70
37,85	20,36
37,87	20,02
37,89	19,67
37,92	19,30
37,94	18,94
37,97	18,61
37,99	18,30
38,02	18,05
38,04	17,73
38,07	17,44
38,09	17,16
38,11	16,86
38,14	16,59
38,16	16,25
38,19	15,90
38,21	15,57
38,24	15,23
38,26	14,95
38,29	14,65
38,31	14,35
38,33	14,15
38,36	13,90
38,38	13,72
38,41	13,50
38,43	13,28
38,46	13,14
38,48	12,97
38,51	12,73
38,53	12,54
38,55	12,37
38,58	12,23
38,60	12,07
38,63	11,89
38,65	11,74
38,68	11,65
38,70	11,59
38,73	11,46
38,75	11,35
38,77	11,30
38,80	11,23
38,82	11,18
38,85	11,07
38,87	10,99
38,90	10,99
38,92	10,95
38,94	10,91
38,97	10,89
38,99	10,92
39,02	10,96
39,04	10,97
39,07	10,96
39,09	11,01
39,12	11,05
39,14	11,10
39,16	11,12
39,19	11,15
39,21	11,24
39,24	11,32
39,26	11,39
39,29	11,48
39,31	11,56
39,34	11,71
39,36	11,82
39,38	11,91
39,41	12,01
39,43	12,09
39,46	12,22
39,48	12,37
39,51	12,48
39,53	12,61
39,56	12,78
39,58	12,97
39,60	13,19
39,63	13,37
39,65	13,54
39,68	13,73
39,70	13,97
39,73	14,14
39,75	14,32
39,78	14,50
39,80	14,72
39,82	14,94
39,85	15,15
39,87	15,35
39,90	15,63
39,92	15,91
39,95	16,16
39,97	16,39
39,99	16,63
40,02	16,94
40,04	17,20
40,07	17,41
40,09	17,70
40,12	17,95
40,14	18,21
40,17	18,47
40,19	18,71
40,21	19,00
40,24	19,32
40,26	19,57
40,29	19,89
40,31	20,23
40,34	20,58
40,36	20,92
40,39	21,22
40,41	21,57
40,43	21,83
40,46	22,17
40,48	22,48
40,51	22,77
40,53	23,08
40,56	23,39
40,58	23,73
40,61	24,14
40,63	24,49
40,65	24,84
40,68	25,23
40,70	25,61
40,73	26,03
40,75	26,36
40,78	26,71
40,80	27,03
40,83	27,37
40,85	27,69
40,87	28,02
40,90	28,38
40,92	28,79
40,95	29,15
40,97	29,57
41,00	29,96
41,02	30,36
41,05	30,77
41,07	31,15
41,09	31,52
41,12	31,83
41,14	32,13
41,17	32,47
41,19	32,79
41,22	33,13
41,24	33,40
41,26	33,65
41,29	34,04
41,31	34,41
41,34	34,78
41,36	35,07
41,39	35,35
41,41	35,70
41,44	36,06
41,46	36,34
41,48	36,56
41,51	36,78
41,53	37,06
41,56	37,28
41,58	37,47
41,61	37,62
41,63	37,84
41,66	38,07
41,68	38,24
41,70	38,38
41,73	38,54
41,75	38,71
41,78	38,85
41,80	38,85
41,83	38,92
41,85	38,99
41,88	39,06
41,90	39,10
41,92	39,05
41,95	39,06
41,97	39,10
42,00	39,10
42,02	39,02
42,05	38,92
42,07	38,82
42,10	38,78
42,12	38,65
42,14	38,54
42,17	38,36
42,19	38,25
42,22	38,12
42,24	38,00
42,27	37,79
42,29	37,57
42,31	37,37
42,34	37,13
42,36	36,84
42,39	36,57
42,41	36,24
42,44	35,97
42,46	35,65
42,49	35,28
42,51	35,03
42,53	34,77
42,56	34,46
42,58	34,11
42,61	33,72
42,63	33,42
42,66	33,07
42,68	32,64
42,71	32,19
42,73	31,72
42,75	31,34
42,78	30,92
42,80	30,49
42,83	30,08
42,85	29,64
42,88	29,26
42,90	28,88
42,93	28,49
42,95	28,15
42,97	27,73
43,00	27,32
43,02	26,91
43,05	26,49
43,07	26,11
43,10	25,64
43,12	25,19
43,15	24,79
43,17	24,33
43,19	23,95
43,22	23,56
43,24	23,19
43,27	22,89
43,29	22,53
43,32	22,20
43,34	21,91
43,36	21,66
43,39	21,39
43,41	21,05
43,44	20,70
43,46	20,43
43,49	20,16
43,51	19,91
43,54	19,59
43,56	19,33
43,58	19,13
43,61	18,95
43,63	18,76
43,66	18,55
43,68	18,37
43,71	18,26
43,73	18,09
43,76	17,92
43,78	17,76
43,80	17,59
43,83	17,51
43,85	17,39
43,88	17,27
43,90	17,17
43,93	17,12
43,95	17,11
43,98	17,11
44,00	17,05
44,02	17,06
44,05	17,07
44,07	17,12
44,10	17,12
44,12	17,10
44,15	17,14
44,17	17,22
44,20	17,27
44,22	17,32
44,24	17,36
44,27	17,50
44,29	17,61
44,32	17,70
44,34	17,78
44,37	17,88
44,39	18,04
44,41	18,18
44,44	18,29
44,46	18,47
44,49	18,66
44,51	18,88
44,54	19,08
44,56	19,23
44,59	19,48
44,61	19,68
44,63	19,86
44,66	20,04
44,68	20,23
44,71	20,48
44,73	20,75
44,76	20,96
44,78	21,24
44,81	21,53
44,83	21,90
44,85	22,21
44,88	22,52
44,90	22,84
44,93	23,15
44,95	23,45
44,98	23,76
45,00	24,01
45,03	24,31
45,05	24,62
45,07	24,91
45,10	25,27
45,12	25,62
45,15	26,02
45,17	26,41
45,20	26,80
45,22	27,19
45,25	27,60
45,27	28,03
45,29	28,48
45,32	28,82
45,34	29,17
45,37	29,52
45,39	29,94
45,42	30,34
45,44	30,69
45,47	31,07
45,49	31,49
45,51	31,96
45,54	32,46
45,56	32,88
45,59	33,35
45,61	33,82
45,64	34,25
45,66	34,70
45,68	35,09
45,71	35,51
45,73	35,91
45,76	36,30
45,78	36,72
45,81	37,15
45,83	37,64
45,86	38,14
45,88	38,60
45,90	39,13
45,93	39,59
45,95	40,11
45,98	40,61
46,00	41,04
46,03	41,49
46,05	41,91
46,08	42,31
46,10	42,74
46,12	43,16
46,15	43,59
46,17	44,04
46,20	44,44
46,22	44,92
46,25	45,36
46,27	45,85
46,30	46,26
46,32	46,65
46,34	47,10
46,37	47,51
46,39	47,85
46,42	48,21
46,44	48,50
46,47	48,85
46,49	49,17
46,52	49,38
46,54	49,60
46,56	49,79
46,59	49,89
46,61	49,98
46,64	50,00
46,66	50,00
46,69	50,00
46,71	50,00
46,73	50,00
46,76	50,00
46,78	50,00
46,81	50,00
46,83	50,00
46,86	50,00
46,88	50,00
46,91	50,00
46,93	50,00
46,95	50,00
46,98	50,00
47,00	50,00
47,03	50,00
47,05	50,00
47,08	50,00
47,10	50,00
47,13	50,00
47,15	50,00
47,17	50,00
47,20	50,00
47,22	50,00
47,25	50,00
47,27	50,00
47,30	50,00
47,32	50,00
47,35	50,00
47,37	50,00
47,39	50,00
47,42	50,00
47,44	50,00
47,47	49,98
47,49	49,90
47,52	49,76
47,54	49,54
47,57	49,30
47,59	49,00
47,61	48,67
47,64	48,25
47,66	47,79
47,69	47,40
47,71	46,98
47,74	46,57
47,76	46,20
47,78	45,76
47,81	45,35
47,83	45,00
47,86	44,58
47,88	44,22
47,91	43,77
47,93	43,27
47,96	42,78
47,98	42,30
48,00	41,82
48,03	41,29
48,05	40,75
48,08	40,25
48,10	39,76
48,13	39,34
48,15	38,91
48,18	38,42
48,20	38,03
48,22	37,57
48,25	37,15
48,27	36,66
48,30	36,20
48,32	35,75
48,35	35,29
48,37	34,78
48,40	34,34
48,42	33,94
48,44	33,63
48,47	33,23
48,49	32,84
48,52	32,49
48,54	32,19
48,57	31,93
48,59	31,57
48,62	31,19
48,64	30,92
48,66	30,62
48,69	30,34
48,71	30,03
48,74	29,73
48,76	29,53
48,79	29,25
48,81	29,00
48,84	28,81
48,86	28,69
48,88	28,58
48,91	28,47
48,93	28,30
48,96	28,25
48,98	28,18
49,01	28,10
49,03	27,96
49,05	27,89
49,08	27,86
49,10	27,86
49,13	27,85
49,15	27,82
49,18	27,81
49,20	27,89
49,23	27,92
49,25	27,95
49,27	27,99
49,30	28,03
49,32	28,16
49,35	28,30
49,37	28,35
49,40	28,47
49,42	28,62
49,45	28,82
49,47	29,04
49,49	29,16
49,52	29,32
49,54	29,55
49,57	29,77
49,59	29,95
49,62	30,12
49,64	30,37
49,67	30,70
49,69	30,98
49,71	31,24
49,74	31,52
49,76	31,87
49,79	32,22
49,81	32,53
49,84	32,79
49,86	33,10
49,89	33,43
49,91	33,80
49,93	34,06
49,96	34,30
49,98	34,47
