Voltage U1	Corriente IA
U1/V	IA/nA

0,02	0,52
0,04	0,53
0,07	0,52
0,09	0,53
0,12	0,50
0,14	0,52
0,17	0,51
0,19	0,51
0,21	0,48
0,24	0,51
0,26	0,48
0,29	0,51
0,31	0,47
0,34	0,49
0,36	0,46
0,39	0,49
0,41	0,47
0,43	0,53
0,46	0,50
0,48	0,54
0,51	0,54
0,53	0,57
0,56	0,55
0,58	0,55
0,61	0,48
0,63	0,52
0,65	0,50
0,68	0,49
0,70	0,45
0,73	0,48
0,75	0,48
0,78	0,53
0,80	0,49
0,83	0,52
0,85	0,48
0,87	0,50
0,90	0,47
0,92	0,48
0,95	0,44
0,97	0,46
1,00	0,45
1,02	0,49
1,05	0,44
1,07	0,47
1,09	0,46
1,12	0,49
1,14	0,48
1,17	0,49
1,19	0,47
1,22	0,51
1,24	0,50
1,26	0,52
1,29	0,51
1,31	0,52
1,34	0,49
1,36	0,52
1,39	0,52
1,41	0,54
1,44	0,55
1,46	0,53
1,48	0,55
1,51	0,55
1,53	0,55
1,56	0,54
1,58	0,52
1,61	0,50
1,63	0,51
1,66	0,49
1,68	0,51
1,70	0,49
1,73	0,49
1,75	0,47
1,78	0,49
1,80	0,48
1,83	0,52
1,85	0,49
1,88	0,53
1,90	0,54
1,92	0,56
1,95	0,51
1,97	0,51
2,00	0,47
2,02	0,49
2,05	0,45
2,07	0,46
2,10	0,46
2,12	0,50
2,14	0,49
2,17	0,53
2,19	0,53
2,22	0,55
2,24	0,51
2,27	0,50
2,29	0,47
2,31	0,48
2,34	0,44
2,36	0,42
2,39	0,39
2,41	0,41
2,44	0,40
2,46	0,44
2,49	0,45
2,51	0,48
2,53	0,47
2,56	0,54
2,58	0,53
2,61	0,55
2,63	0,52
2,66	0,53
2,68	0,51
2,71	0,54
2,73	0,46
2,75	0,47
2,78	0,46
2,80	0,51
2,83	0,53
2,85	0,53
2,88	0,52
2,90	0,52
2,93	0,52
2,95	0,56
2,97	0,55
3,00	0,50
3,02	0,50
3,05	0,48
3,07	0,51
3,10	0,50
3,12	0,48
3,15	0,45
3,17	0,48
3,19	0,48
3,22	0,52
3,24	0,50
3,27	0,52
3,29	0,51
3,32	0,54
3,34	0,51
3,36	0,54
3,39	0,51
3,41	0,52
3,44	0,50
3,46	0,51
3,49	0,47
3,51	0,51
3,54	0,49
3,56	0,52
3,58	0,50
3,61	0,53
3,63	0,51
3,66	0,53
3,68	0,50
3,71	0,52
3,73	0,49
3,76	0,51
3,78	0,48
3,80	0,49
3,83	0,46
3,85	0,49
3,88	0,46
3,90	0,46
3,93	0,46
3,95	0,49
3,98	0,50
4,00	0,54
4,02	0,53
4,05	0,54
4,07	0,53
4,10	0,54
4,12	0,52
4,15	0,53
4,17	0,52
4,20	0,53
4,22	0,53
4,24	0,56
4,27	0,52
4,29	0,56
4,32	0,53
4,34	0,56
4,37	0,54
4,39	0,55
4,42	0,55
4,44	0,57
4,46	0,53
4,49	0,55
4,51	0,53
4,54	0,53
4,56	0,50
4,59	0,50
4,61	0,51
4,63	0,50
4,66	0,50
4,68	0,49
4,71	0,50
4,73	0,49
4,76	0,54
4,78	0,53
4,81	0,57
4,83	0,54
4,85	0,56
4,88	0,56
4,90	0,59
4,93	0,53
4,95	0,56
4,98	0,52
5,00	0,55
5,03	0,53
5,05	0,57
5,07	0,55
5,10	0,58
5,12	0,51
5,15	0,56
5,17	0,55
5,20	0,59
5,22	0,55
5,25	0,55
5,27	0,54
5,29	0,59
5,32	0,56
5,34	0,57
5,37	0,53
5,39	0,55
5,42	0,56
5,44	0,56
5,47	0,54
5,49	0,58
5,51	0,54
5,54	0,58
5,56	0,56
5,59	0,58
5,61	0,56
5,64	0,60
5,66	0,57
5,68	0,62
5,71	0,56
5,73	0,60
5,76	0,56
5,78	0,61
5,81	0,57
5,83	0,58
5,86	0,53
5,88	0,62
5,90	0,59
5,93	0,63
5,95	0,59
5,98	0,60
6,00	0,59
6,03	0,65
6,05	0,62
6,08	0,64
6,10	0,61
6,12	0,62
6,15	0,64
6,17	0,65
6,20	0,64
6,22	0,65
6,25	0,64
6,27	0,65
6,30	0,69
6,32	0,68
6,34	0,69
6,37	0,67
6,39	0,65
6,42	0,65
6,44	0,68
6,47	0,66
6,49	0,68
6,52	0,65
6,54	0,68
6,56	0,70
6,59	0,72
6,61	0,74
6,64	0,78
6,66	0,76
6,69	0,79
6,71	0,75
6,73	0,79
6,76	0,77
6,78	0,76
6,81	0,74
6,83	0,75
6,86	0,72
6,88	0,78
6,91	0,75
6,93	0,76
6,95	0,80
6,98	0,80
7,00	0,79
7,03	0,83
7,05	0,80
7,08	0,81
7,10	0,81
7,13	0,82
7,15	0,84
7,17	0,86
7,20	0,85
7,22	0,89
7,25	0,86
7,27	0,90
7,30	0,86
7,32	0,87
7,35	0,88
7,37	0,91
7,39	0,87
7,42	0,90
7,44	0,86
7,47	0,89
7,49	0,89
7,52	0,89
7,54	0,89
7,57	0,93
7,59	0,93
7,61	0,97
7,64	0,95
7,66	0,96
7,69	0,97
7,71	0,99
7,74	0,98
7,76	0,99
7,78	0,98
7,81	0,98
7,83	0,99
7,86	0,99
7,88	1,00
7,91	0,97
7,93	0,98
7,96	0,98
7,98	1,01
8,00	1,01
8,03	1,04
8,05	1,01
8,08	1,07
8,10	1,05
8,13	1,08
8,15	1,06
8,18	1,06
8,20	1,03
8,22	1,06
8,25	1,01
8,27	1,03
8,30	1,00
8,32	1,02
8,35	1,01
8,37	1,04
8,40	1,02
8,42	1,07
8,44	1,06
8,47	1,09
8,49	1,06
8,52	1,10
8,54	1,07
8,57	1,09
8,59	1,07
8,62	1,10
8,64	1,08
8,66	1,14
8,69	1,12
8,71	1,16
8,74	1,17
8,76	1,20
8,79	1,18
8,81	1,22
8,84	1,17
8,86	1,19
8,88	1,16
8,91	1,17
8,93	1,13
8,96	1,15
8,98	1,11
9,01	1,15
9,03	1,10
9,05	1,12
9,08	1,09
9,10	1,12
9,13	1,10
9,15	1,14
9,18	1,12
9,20	1,17
9,23	1,15
9,25	1,18
9,27	1,18
9,30	1,20
9,32	1,18
9,35	1,18
9,37	1,16
9,40	1,17
9,42	1,18
9,45	1,16
9,47	1,16
9,49	1,15
9,52	1,18
9,54	1,22
9,57	1,23
9,59	1,20
9,62	1,22
9,64	1,20
9,67	1,22
9,69	1,21
9,71	1,21
9,74	1,18
9,76	1,19
9,79	1,17
9,81	1,23
9,84	1,21
9,86	1,24
9,89	1,21
9,91	1,24
9,93	1,23
9,96	1,29
9,98	1,26
10,01	1,28
10,03	1,25
10,06	1,28
10,08	1,28
10,10	1,28
10,13	1,23
10,15	1,26
10,18	1,25
10,20	1,29
10,23	1,27
10,25	1,28
10,28	1,31
10,30	1,32
10,32	1,32
10,35	1,33
10,37	1,30
10,40	1,34
10,42	1,34
10,45	1,36
10,47	1,35
10,50	1,35
10,52	1,34
10,54	1,40
10,57	1,36
10,59	1,38
10,62	1,35
10,64	1,37
10,67	1,38
10,69	1,41
10,72	1,37
10,74	1,42
10,76	1,40
10,79	1,44
10,81	1,45
10,84	1,47
10,86	1,46
10,89	1,48
10,91	1,46
10,94	1,49
10,96	1,50
10,98	1,51
11,01	1,52
11,03	1,54
11,06	1,55
11,08	1,59
11,11	1,61
11,13	1,61
11,15	1,62
11,18	1,63
11,20	1,67
11,23	1,66
11,25	1,67
11,28	1,66
11,30	1,70
11,33	1,72
11,35	1,77
11,37	1,75
11,40	1,81
11,42	1,80
11,45	1,85
11,47	1,85
11,50	1,88
11,52	1,87
11,55	1,91
11,57	1,86
11,59	1,92
11,62	1,90
11,64	1,95
11,67	1,95
11,69	1,99
11,72	2,00
11,74	2,09
11,77	2,09
11,79	2,14
11,81	2,12
11,84	2,14
11,86	2,14
11,89	2,18
11,91	2,17
11,94	2,21
11,96	2,21
11,99	2,27
12,01	2,29
12,03	2,34
12,06	2,32
12,08	2,35
12,11	2,32
12,13	2,37
12,16	2,34
12,18	2,36
12,21	2,35
12,23	2,39
12,25	2,39
12,28	2,45
12,30	2,43
12,33	2,46
12,35	2,47
12,38	2,49
12,40	2,50
12,42	2,52
12,45	2,50
12,47	2,54
12,50	2,54
12,52	2,56
12,55	2,55
12,57	2,55
12,60	2,55
12,62	2,55
12,64	2,55
12,67	2,55
12,69	2,52
12,72	2,52
12,74	2,55
12,77	2,56
12,79	2,58
12,82	2,57
12,84	2,56
12,86	2,58
12,89	2,62
12,91	2,59
12,94	2,60
12,96	2,57
12,99	2,59
13,01	2,60
13,04	2,62
13,06	2,59
13,08	2,61
13,11	2,57
13,13	2,61
13,16	2,59
13,18	2,58
13,21	2,55
13,23	2,57
13,26	2,52
13,28	2,55
13,30	2,51
13,33	2,51
13,35	2,48
13,38	2,50
13,40	2,48
13,43	2,50
13,45	2,46
13,47	2,49
13,50	2,47
13,52	2,47
13,55	2,44
13,57	2,46
13,60	2,45
13,62	2,45
13,65	2,39
13,67	2,41
13,69	2,40
13,72	2,42
13,74	2,39
13,77	2,40
13,79	2,38
13,82	2,41
13,84	2,38
13,87	2,39
13,89	2,35
13,91	2,34
13,94	2,33
13,96	2,33
13,99	2,29
14,01	2,32
14,04	2,28
14,06	2,30
14,09	2,25
14,11	2,25
14,13	2,23
14,16	2,24
14,18	2,22
14,21	2,25
14,23	2,21
14,26	2,23
14,28	2,22
14,31	2,23
14,33	2,25
14,35	2,24
14,38	2,21
14,40	2,22
14,43	2,24
14,45	2,24
14,48	2,28
14,50	2,27
14,52	2,26
14,55	2,27
14,57	2,29
14,60	2,30
14,62	2,32
14,65	2,28
14,67	2,30
14,70	2,29
14,72	2,33
14,74	2,30
14,77	2,30
14,79	2,28
14,82	2,32
14,84	2,32
14,87	2,37
14,89	2,32
14,92	2,35
14,94	2,35
14,96	2,38
14,99	2,35
15,01	2,38
15,04	2,37
15,06	2,43
15,09	2,45
15,11	2,47
15,14	2,48
15,16	2,53
15,18	2,53
15,21	2,60
15,23	2,62
15,26	2,69
15,28	2,70
15,31	2,73
15,33	2,76
15,36	2,80
15,38	2,77
15,40	2,81
15,43	2,76
15,45	2,79
15,48	2,82
15,50	2,86
15,53	2,87
15,55	2,94
15,57	2,93
15,60	3,00
15,62	3,03
15,65	3,05
15,67	3,06
15,70	3,12
15,72	3,13
15,75	3,18
15,77	3,21
15,79	3,24
15,82	3,28
15,84	3,32
15,87	3,36
15,89	3,40
15,92	3,44
15,94	3,49
15,97	3,54
15,99	3,60
16,01	3,65
16,04	3,68
16,06	3,73
16,09	3,76
16,11	3,81
16,14	3,86
16,16	3,89
16,19	3,92
16,21	3,98
16,23	4,01
16,26	4,08
16,28	4,12
16,31	4,17
16,33	4,22
16,36	4,28
16,38	4,31
16,41	4,41
16,43	4,43
16,45	4,53
16,48	4,55
16,50	4,64
16,53	4,66
16,55	4,76
16,58	4,77
16,60	4,84
16,63	4,83
16,65	4,93
16,67	4,97
16,70	5,04
16,72	5,06
16,75	5,12
16,77	5,15
16,80	5,27
16,82	5,29
16,84	5,31
16,87	5,36
16,89	5,39
16,92	5,42
16,94	5,48
16,97	5,47
16,99	5,51
17,02	5,54
17,04	5,60
17,06	5,64
17,09	5,68
17,11	5,68
17,14	5,74
17,16	5,75
17,19	5,80
17,21	5,77
17,24	5,81
17,26	5,81
17,28	5,86
17,31	5,82
17,33	5,86
17,36	5,84
17,38	5,88
17,41	5,89
17,43	5,90
17,46	5,86
17,48	5,87
17,50	5,84
17,53	5,86
17,55	5,84
17,58	5,81
17,60	5,78
17,63	5,74
17,65	5,72
17,68	5,70
17,70	5,65
17,72	5,60
17,75	5,55
17,77	5,50
17,80	5,52
17,82	5,49
17,85	5,47
17,87	5,43
17,89	5,40
17,92	5,36
17,94	5,36
17,97	5,28
17,99	5,24
18,02	5,15
18,04	5,10
18,07	5,06
18,09	5,04
18,11	4,97
18,14	4,99
18,16	4,93
18,19	4,91
18,21	4,87
18,24	4,87
18,26	4,81
18,29	4,77
18,31	4,67
18,33	4,64
18,36	4,55
18,38	4,49
18,41	4,41
18,43	4,38
18,46	4,35
18,48	4,33
18,51	4,26
18,53	4,27
18,55	4,21
18,58	4,18
18,60	4,15
18,63	4,14
18,65	4,10
18,68	4,09
18,70	4,02
18,73	4,03
18,75	3,98
18,77	3,95
18,80	3,87
18,82	3,86
18,85	3,81
18,87	3,83
18,90	3,79
18,92	3,80
18,94	3,75
18,97	3,77
18,99	3,76
19,02	3,77
19,04	3,71
19,07	3,72
19,09	3,66
19,12	3,68
19,14	3,63
19,16	3,60
19,19	3,58
19,21	3,62
19,24	3,60
19,26	3,63
19,29	3,60
19,31	3,61
19,34	3,65
19,36	3,70
19,38	3,70
19,41	3,69
19,43	3,70
19,46	3,71
19,48	3,74
19,51	3,72
19,53	3,73
19,56	3,71
19,58	3,74
19,60	3,75
19,63	3,80
19,65	3,80
19,68	3,84
19,70	3,83
19,73	3,92
19,75	3,94
19,78	4,01
19,80	4,02
19,82	4,07
19,85	4,07
19,87	4,14
19,90	4,14
19,92	4,23
19,95	4,22
19,97	4,26
19,99	4,28
20,02	4,36
20,04	4,41
20,07	4,48
20,09	4,47
20,12	4,56
20,14	4,63
20,17	4,73
20,19	4,74
20,21	4,80
20,24	4,83
20,26	4,92
20,29	4,96
20,31	5,01
20,34	5,04
20,36	5,13
20,39	5,17
20,41	5,26
20,43	5,30
20,46	5,41
20,48	5,46
20,51	5,56
20,53	5,63
20,56	5,69
20,58	5,73
20,61	5,81
20,63	5,87
20,65	5,98
20,68	6,01
20,70	6,10
20,73	6,21
20,75	6,32
20,78	6,40
20,80	6,50
20,83	6,57
20,85	6,68
20,87	6,76
20,90	6,85
20,92	6,90
20,95	6,99
20,97	7,05
21,00	7,13
21,02	7,22
21,05	7,31
21,07	7,41
21,09	7,50
21,12	7,60
21,14	7,69
21,17	7,82
21,19	7,95
21,22	8,08
21,24	8,14
21,26	8,25
21,29	8,31
21,31	8,46
21,34	8,53
21,36	8,64
21,39	8,70
21,41	8,84
21,44	8,93
21,46	9,10
21,48	9,17
21,51	9,30
21,53	9,40
21,56	9,55
21,58	9,63
21,61	9,75
21,63	9,79
21,66	9,89
21,68	9,95
21,70	10,05
21,73	10,09
21,75	10,17
21,78	10,21
21,80	10,31
21,83	10,38
21,85	10,48
21,88	10,51
21,90	10,60
21,92	10,68
21,95	10,74
21,97	10,77
22,00	10,80
22,02	10,77
22,05	10,81
22,07	10,80
22,10	10,82
22,12	10,82
22,14	10,83
22,17	10,82
22,19	10,88
22,22	10,84
22,24	10,84
22,27	10,77
22,29	10,77
22,31	10,74
22,34	10,72
22,36	10,63
22,39	10,62
22,41	10,54
22,44	10,54
22,46	10,45
22,49	10,36
22,51	10,26
22,53	10,19
22,56	10,09
22,58	10,05
22,61	9,95
22,63	9,86
22,66	9,82
22,68	9,74
22,71	9,67
22,73	9,60
22,75	9,47
22,78	9,36
22,80	9,25
22,83	9,10
22,85	9,01
22,88	8,86
22,90	8,74
22,93	8,62
22,95	8,51
22,97	8,40
23,00	8,33
23,02	8,20
23,05	8,14
23,07	8,01
23,10	7,93
23,12	7,82
23,15	7,74
23,17	7,59
23,19	7,52
23,22	7,36
23,24	7,27
23,27	7,14
23,29	7,06
23,32	6,92
23,34	6,87
23,36	6,76
23,39	6,74
23,41	6,63
23,44	6,57
23,46	6,47
23,49	6,41
23,51	6,33
23,54	6,28
23,56	6,17
23,58	6,14
23,61	6,05
23,63	6,02
23,66	5,96
23,68	5,93
23,71	5,85
23,73	5,83
23,76	5,76
23,78	5,75
23,80	5,69
23,83	5,68
23,85	5,60
23,88	5,63
23,90	5,58
23,93	5,61
23,95	5,56
23,98	5,57
24,00	5,57
24,02	5,59
24,05	5,56
24,07	5,58
24,10	5,54
24,12	5,61
24,15	5,60
24,17	5,61
24,20	5,58
24,22	5,60
24,24	5,60
24,27	5,65
24,29	5,64
24,32	5,67
24,34	5,68
24,37	5,72
24,39	5,78
24,42	5,83
24,44	5,87
24,46	5,90
24,49	5,94
24,51	5,99
24,54	6,07
24,56	6,10
24,59	6,17
24,61	6,20
24,63	6,29
24,66	6,36
24,68	6,46
24,71	6,50
24,73	6,59
24,76	6,62
24,78	6,73
24,81	6,78
24,83	6,86
24,85	6,93
24,88	7,03
24,90	7,11
24,93	7,24
24,95	7,30
24,98	7,42
25,00	7,49
25,03	7,62
25,05	7,71
25,07	7,80
25,10	7,87
25,12	8,00
25,15	8,08
25,17	8,20
25,20	8,28
25,22	8,40
25,25	8,50
25,27	8,63
25,29	8,68
25,32	8,82
25,34	8,92
25,37	9,04
25,39	9,15
25,42	9,26
25,44	9,36
25,47	9,51
25,49	9,61
25,51	9,76
25,54	9,86
25,56	9,98
25,59	10,12
25,61	10,27
25,64	10,40
25,66	10,55
25,68	10,68
25,71	10,85
25,73	10,98
25,76	11,13
25,78	11,25
25,81	11,37
25,83	11,50
25,86	11,64
25,88	11,77
25,90	11,90
25,93	12,04
25,95	12,20
25,98	12,38
26,00	12,53
26,03	12,67
26,05	12,80
26,08	12,99
26,10	13,14
26,12	13,31
26,15	13,41
26,17	13,58
26,20	13,73
26,22	13,92
26,25	14,05
26,27	14,24
26,30	14,35
26,32	14,57
26,34	14,68
26,37	14,89
26,39	15,02
26,42	15,20
26,44	15,29
26,47	15,47
26,49	15,54
26,52	15,72
26,54	15,77
26,56	15,94
26,59	16,01
26,61	16,18
26,64	16,26
26,66	16,43
26,69	16,52
26,71	16,68
26,73	16,74
26,76	16,90
26,78	16,92
26,81	17,01
26,83	17,03
26,86	17,12
26,88	17,11
26,91	17,18
26,93	17,17
26,95	17,23
26,98	17,24
27,00	17,28
27,03	17,26
27,05	17,30
27,08	17,24
27,10	17,23
27,13	17,19
27,15	17,18
27,17	17,13
27,20	17,11
27,22	17,04
27,25	17,02
27,27	16,92
27,30	16,88
27,32	16,79
27,35	16,72
27,37	16,59
27,39	16,52
27,42	16,37
27,44	16,27
27,47	16,10
27,49	15,96
27,52	15,82
27,54	15,70
27,57	15,52
27,59	15,39
27,61	15,24
27,64	15,13
27,66	14,98
27,69	14,78
27,71	14,60
27,74	14,42
27,76	14,25
27,78	14,05
27,81	13,84
27,83	13,60
27,86	13,45
27,88	13,26
27,91	13,12
27,93	12,91
27,96	12,75
27,98	12,56
28,00	12,41
28,03	12,19
28,05	12,04
28,08	11,81
28,10	11,64
28,13	11,41
28,15	11,26
28,18	11,06
28,20	10,93
28,22	10,73
28,25	10,64
28,27	10,51
28,30	10,42
28,32	10,30
28,35	10,23
28,37	10,06
28,40	9,97
28,42	9,82
28,44	9,70
28,47	9,59
28,49	9,46
28,52	9,32
28,54	9,24
28,57	9,15
28,59	9,08
28,62	8,97
28,64	8,90
28,66	8,83
28,69	8,80
28,71	8,73
28,74	8,66
28,76	8,59
28,79	8,59
28,81	8,53
28,84	8,52
28,86	8,47
28,88	8,49
28,91	8,47
28,93	8,49
28,96	8,45
28,98	8,48
29,01	8,44
29,03	8,48
29,05	8,47
29,08	8,50
29,10	8,47
29,13	8,52
29,15	8,53
29,18	8,61
29,20	8,64
29,23	8,67
29,25	8,72
29,27	8,76
29,30	8,80
29,32	8,87
29,35	8,92
29,37	8,97
29,40	9,03
29,42	9,09
29,45	9,23
29,47	9,31
29,49	9,42
29,52	9,48
29,54	9,60
29,57	9,69
29,59	9,85
29,62	9,89
29,64	10,02
29,67	10,06
29,69	10,19
29,71	10,27
29,74	10,43
29,76	10,48
29,79	10,68
29,81	10,77
29,84	10,95
29,86	11,07
29,89	11,25
29,91	11,31
29,93	11,50
29,96	11,56
29,98	11,74
30,01	11,82
30,03	11,99
30,06	12,08
30,08	12,29
30,10	12,39
30,13	12,60
30,15	12,72
30,18	12,93
30,20	13,03
30,23	13,24
30,25	13,42
30,28	13,65
30,30	13,78
30,32	13,96
30,35	14,09
30,37	14,30
30,40	14,44
30,42	14,61
30,45	14,72
30,47	14,93
30,50	15,11
30,52	15,35
30,54	15,54
30,57	15,77
30,59	15,96
30,62	16,20
30,64	16,41
30,67	16,60
30,69	16,76
30,72	16,94
30,74	17,12
30,76	17,29
30,79	17,47
30,81	17,65
30,84	17,88
30,86	18,10
30,89	18,34
30,91	18,56
30,94	18,80
30,96	19,00
30,98	19,27
31,01	19,47
31,03	19,69
31,06	19,86
31,08	20,05
31,11	20,20
31,13	20,46
31,15	20,61
31,18	20,87
31,20	21,04
31,23	21,31
31,25	21,53
31,28	21,81
31,30	21,98
31,33	22,24
31,35	22,37
31,37	22,62
31,40	22,77
31,42	23,00
31,45	23,14
31,47	23,32
31,50	23,42
31,52	23,67
31,55	23,78
31,57	23,96
31,59	24,06
31,62	24,23
31,64	24,34
31,67	24,53
31,69	24,59
31,72	24,74
31,74	24,83
31,77	24,92
31,79	24,99
31,81	25,13
31,84	25,15
31,86	25,21
31,89	25,21
31,91	25,25
31,94	25,26
31,96	25,30
31,99	25,26
32,01	25,26
32,03	25,25
32,06	25,27
32,08	25,25
32,11	25,25
32,13	25,19
32,16	25,16
32,18	25,09
32,20	25,03
32,23	24,92
32,25	24,84
32,28	24,71
32,30	24,60
32,33	24,42
32,35	24,28
32,38	24,13
32,40	24,02
32,42	23,88
32,45	23,77
32,47	23,58
32,50	23,46
32,52	23,31
32,55	23,14
32,57	22,93
32,60	22,69
32,62	22,42
32,64	22,20
32,67	21,97
32,69	21,74
32,72	21,51
32,74	21,26
32,77	21,05
32,79	20,84
32,82	20,63
32,84	20,39
32,86	20,15
32,89	19,87
32,91	19,65
32,94	19,34
32,96	19,11
32,99	18,81
33,01	18,54
33,04	18,26
33,06	18,01
33,08	17,73
33,11	17,53
33,13	17,26
33,16	17,07
33,18	16,87
33,21	16,69
33,23	16,48
33,26	16,30
33,28	16,07
33,30	15,90
33,33	15,70
33,35	15,49
33,38	15,29
33,40	15,11
33,43	14,90
33,45	14,77
33,47	14,63
33,50	14,49
33,52	14,33
33,55	14,22
33,57	14,15
33,60	14,07
33,62	13,93
33,65	13,84
33,67	13,70
33,69	13,64
33,72	13,54
33,74	13,43
33,77	13,33
33,79	13,28
33,82	13,18
33,84	13,18
33,87	13,13
33,89	13,10
33,91	13,09
33,94	13,10
33,96	13,09
33,99	13,10
34,01	13,10
34,04	13,11
34,06	13,13
34,09	13,17
34,11	13,20
34,13	13,24
34,16	13,27
34,18	13,30
34,21	13,37
34,23	13,45
34,26	13,51
34,28	13,55
34,31	13,66
34,33	13,72
34,35	13,86
34,38	13,95
34,40	14,04
34,43	14,10
34,45	14,24
34,48	14,31
34,50	14,48
34,52	14,54
34,55	14,69
34,57	14,80
34,60	14,98
34,62	15,09
34,65	15,30
34,67	15,40
34,70	15,64
34,72	15,76
34,74	15,97
34,77	16,12
34,79	16,38
34,82	16,49
34,84	16,73
34,87	16,82
34,89	17,05
34,92	17,21
34,94	17,42
34,96	17,54
34,99	17,80
35,01	17,97
35,04	18,26
35,06	18,44
35,09	18,67
35,11	18,85
35,14	19,09
35,16	19,28
35,18	19,53
35,21	19,70
35,23	19,90
35,26	20,05
35,28	20,28
35,31	20,50
35,33	20,74
35,36	20,94
35,38	21,19
35,40	21,45
35,43	21,73
35,45	21,99
35,48	22,24
35,50	22,45
35,53	22,72
35,55	22,94
35,57	23,18
35,60	23,42
35,62	23,66
35,65	23,90
35,67	24,14
35,70	24,38
35,72	24,66
35,75	24,93
35,77	25,26
35,79	25,55
35,82	25,82
35,84	26,13
35,87	26,38
35,89	26,64
35,92	26,88
35,94	27,12
35,97	27,34
35,99	27,58
36,01	27,79
36,04	28,12
36,06	28,39
36,09	28,72
36,11	28,97
36,14	29,29
36,16	29,56
36,19	29,94
36,21	30,16
36,23	30,45
36,26	30,63
36,28	30,89
36,31	31,07
36,33	31,37
36,36	31,51
36,38	31,77
36,41	31,97
36,43	32,29
36,45	32,47
36,48	32,78
36,50	32,96
36,53	33,20
36,55	33,33
36,58	33,59
36,60	33,63
36,62	33,82
36,65	33,93
36,67	34,07
36,70	34,17
36,72	34,36
36,75	34,39
36,77	34,60
36,80	34,67
36,82	34,78
36,84	34,88
36,87	35,01
36,89	35,05
36,92	35,15
36,94	35,11
36,97	35,22
36,99	35,23
37,02	35,23
37,04	35,21
37,06	35,24
37,09	35,20
37,11	35,26
37,14	35,17
37,16	35,17
37,19	35,08
37,21	35,05
37,24	34,93
37,26	34,86
37,28	34,73
37,31	34,67
37,33	34,51
37,36	34,44
37,38	34,27
37,41	34,15
37,43	34,02
37,46	33,87
37,48	33,70
37,50	33,53
37,53	33,28
37,55	33,06
37,58	32,85
37,60	32,60
37,63	32,39
37,65	32,11
37,68	31,89
37,70	31,66
37,72	31,47
37,75	31,19
37,77	30,95
37,80	30,60
37,82	30,34
37,85	30,00
37,87	29,71
37,89	29,35
37,92	29,07
37,94	28,71
37,97	28,47
37,99	28,13
38,02	27,88
38,04	27,58
38,07	27,35
38,09	27,06
38,11	26,81
38,14	26,49
38,16	26,21
38,19	25,83
38,21	25,56
38,24	25,23
38,26	24,92
38,29	24,60
38,31	24,31
38,33	24,03
38,36	23,84
38,38	23,56
38,41	23,31
38,43	23,05
38,46	22,85
38,48	22,62
38,51	22,42
38,53	22,14
38,55	21,96
38,58	21,72
38,60	21,59
38,63	21,41
38,65	21,27
38,68	21,06
38,70	20,99
38,73	20,82
38,75	20,76
38,77	20,61
38,80	20,50
38,82	20,39
38,85	20,37
38,87	20,26
38,90	20,24
38,92	20,12
38,94	20,08
38,97	20,03
38,99	20,05
39,02	19,99
39,04	19,98
39,07	19,94
39,09	19,95
39,12	19,97
39,14	20,00
39,16	20,03
39,19	20,02
39,21	20,08
39,24	20,13
39,26	20,21
39,29	20,26
39,31	20,36
39,34	20,37
39,36	20,52
39,38	20,56
39,41	20,71
39,43	20,78
39,46	20,93
39,48	20,98
39,51	21,17
39,53	21,24
39,56	21,46
39,58	21,55
39,60	21,78
39,63	21,88
39,65	22,11
39,68	22,24
39,70	22,55
39,73	22,63
39,75	22,89
39,78	23,03
39,80	23,28
39,82	23,45
39,85	23,71
39,87	23,80
39,90	24,13
39,92	24,32
39,95	24,59
39,97	24,81
39,99	25,08
40,02	25,26
40,04	25,57
40,07	25,75
40,09	26,04
40,12	26,23
40,14	26,46
40,17	26,69
40,19	26,95
40,21	27,18
40,24	27,47
40,26	27,67
40,29	27,99
40,31	28,27
40,34	28,55
40,36	28,84
40,39	29,11
40,41	29,39
40,43	29,71
40,46	29,97
40,48	30,27
40,51	30,56
40,53	30,86
40,56	31,19
40,58	31,51
40,61	31,80
40,63	32,11
40,65	32,47
40,68	32,80
40,70	33,18
40,73	33,47
40,75	33,81
40,78	34,08
40,80	34,43
40,83	34,73
40,85	35,07
40,87	35,29
40,90	35,64
40,92	35,92
40,95	36,36
40,97	36,68
41,00	37,07
41,02	37,38
41,05	37,82
41,07	38,14
41,09	38,57
41,12	38,79
41,14	39,15
41,17	39,38
41,19	39,73
41,22	39,95
41,24	40,33
41,26	40,51
41,29	40,91
41,31	41,18
41,34	41,57
41,36	41,81
41,39	42,17
41,41	42,38
41,44	42,76
41,46	42,98
41,48	43,30
41,51	43,47
41,53	43,73
41,56	43,93
41,58	44,16
41,61	44,30
41,63	44,55
41,66	44,71
41,68	44,95
41,70	45,11
41,73	45,34
41,75	45,55
41,78	45,78
41,80	45,94
41,83	46,13
41,85	46,23
41,88	46,44
41,90	46,55
41,92	46,66
41,95	46,75
41,97	46,89
42,00	46,93
42,02	47,13
42,05	47,20
42,07	47,31
42,10	47,41
42,12	47,50
42,14	47,50
42,17	47,60
42,19	47,60
42,22	47,64
42,24	47,64
42,27	47,61
42,29	47,52
42,31	47,46
42,34	47,41
42,36	47,32
42,39	47,22
42,41	47,08
42,44	46,98
42,46	46,90
42,49	46,86
42,51	46,73
42,53	46,65
42,56	46,52
42,58	46,39
42,61	46,21
42,63	46,13
42,66	45,89
42,68	45,71
42,71	45,45
42,73	45,24
42,75	44,98
42,78	44,77
42,80	44,43
42,83	44,22
42,85	43,92
42,88	43,72
42,90	43,44
42,93	43,20
42,95	42,92
42,97	42,67
43,00	42,37
43,02	42,14
43,05	41,79
43,07	41,50
43,10	41,16
43,12	40,85
43,15	40,50
43,17	40,17
43,19	39,77
43,22	39,47
43,24	39,15
43,27	38,87
43,29	38,56
43,32	38,28
43,34	37,96
43,36	37,73
43,39	37,41
43,41	37,09
43,44	36,76
43,46	36,47
43,49	36,12
43,51	35,88
43,54	35,52
43,56	35,25
43,58	34,97
43,61	34,79
43,63	34,54
43,66	34,40
43,68	34,13
43,71	33,96
43,73	33,73
43,76	33,55
43,78	33,30
43,80	33,10
43,83	32,85
43,85	32,67
43,88	32,49
43,90	32,36
43,93	32,24
43,95	32,11
43,98	31,97
44,00	31,86
44,02	31,82
44,05	31,73
44,07	31,69
44,10	31,58
44,12	31,54
44,15	31,50
44,17	31,53
44,20	31,46
44,22	31,48
44,24	31,41
44,27	31,48
44,29	31,45
44,32	31,54
44,34	31,51
44,37	31,64
44,39	31,62
44,41	31,75
44,44	31,75
44,46	31,92
44,49	31,96
44,51	32,17
44,54	32,21
44,56	32,42
44,59	32,51
44,61	32,72
44,63	32,78
44,66	33,00
44,68	33,11
44,71	33,34
44,73	33,45
44,76	33,67
44,78	33,81
44,81	34,09
44,83	34,28
44,85	34,52
44,88	34,72
44,90	35,00
44,93	35,22
44,95	35,49
44,98	35,70
45,00	35,95
45,03	36,17
45,05	36,45
45,07	36,70
45,10	36,99
45,12	37,29
45,15	37,59
45,17	37,87
45,20	38,21
45,22	38,49
45,25	38,82
45,27	39,13
45,29	39,46
45,32	39,76
45,34	40,05
45,37	40,33
45,39	40,64
45,42	40,92
45,44	41,24
45,47	41,56
45,49	41,92
45,51	42,31
45,54	42,69
45,56	43,13
45,59	43,54
45,61	43,96
45,64	44,33
45,66	44,68
45,68	44,97
45,71	45,39
45,73	45,70
45,76	46,09
45,78	46,34
45,81	46,73
45,83	47,16
45,86	47,69
45,88	48,05
45,90	48,52
45,93	48,87
45,95	49,28
45,98	49,55
46,00	49,76
46,03	49,87
46,05	49,98
46,08	49,98
46,10	50,00
46,12	50,00
46,15	50,00
46,17	50,00
46,20	50,00
46,22	50,00
46,25	50,00
46,27	50,00
46,30	50,00
46,32	50,00
46,34	50,00
46,37	50,00
46,39	50,00
46,42	50,00
46,44	50,00
46,47	50,00
46,49	50,00
46,52	50,00
46,54	50,00
46,56	50,00
46,59	50,00
46,61	50,00
46,64	50,00
46,66	50,00
46,69	50,00
46,71	50,00
46,73	50,00
46,76	50,00
46,78	50,00
46,81	50,00
46,83	50,00
46,86	50,00
46,88	50,00
46,91	50,00
46,93	50,00
46,95	50,00
46,98	50,00
47,00	50,00
47,03	50,00
47,05	50,00
47,08	50,00
47,10	50,00
47,13	50,00
47,15	50,00
47,17	50,00
47,20	50,00
47,22	50,00
47,25	50,00
47,27	50,00
47,30	50,00
47,32	50,00
47,35	50,00
47,37	50,00
47,39	50,00
47,42	50,00
47,44	50,00
47,47	50,00
47,49	50,00
47,52	50,00
47,54	50,00
47,57	50,00
47,59	50,00
47,61	50,00
47,64	50,00
47,66	50,00
47,69	50,00
47,71	50,00
47,74	50,00
47,76	50,00
47,78	50,00
47,81	50,00
47,83	50,00
47,86	50,00
47,88	50,00
47,91	50,00
47,93	50,00
47,96	50,00
47,98	50,00
48,00	50,00
48,03	50,00
48,05	50,00
48,08	50,00
48,10	50,00
48,13	50,00
48,15	50,00
48,18	50,00
48,20	50,00
48,22	50,00
48,25	50,00
48,27	50,00
48,30	50,00
48,32	50,00
48,35	50,00
48,37	50,00
48,40	50,00
48,42	50,00
48,44	50,00
48,47	50,00
48,49	50,00
48,52	50,00
48,54	50,00
48,57	50,00
48,59	50,00
48,62	50,00
48,64	50,00
48,66	50,00
48,69	50,00
48,71	50,00
48,74	50,00
48,76	50,00
48,79	50,00
48,81	50,00
48,84	50,00
48,86	50,00
48,88	50,00
48,91	50,00
48,93	50,00
48,96	50,00
48,98	50,00
49,01	50,00
49,03	50,00
49,05	50,00
49,08	50,00
49,10	50,00
49,13	50,00
49,15	50,00
49,18	50,00
49,20	50,00
49,23	50,00
49,25	50,00
49,27	50,00
49,30	50,00
49,32	50,00
49,35	50,00
49,37	50,00
49,40	50,00
49,42	50,00
49,45	50,00
49,47	50,00
49,49	50,00
49,52	50,00
49,54	50,00
49,57	50,00
49,59	50,00
49,62	50,00
49,64	50,00
49,67	50,00
49,69	50,00
49,71	50,00
49,74	50,00
49,76	50,00
49,79	50,00
49,81	50,00
49,84	50,00
49,86	50,00
49,89	50,00
49,91	50,00
49,93	50,00
49,96	50,00
49,98	50,00
50,01	50,00
50,03	50,00
50,06	50,00
50,08	50,00
50,10	50,00
50,13	50,00
50,15	50,00
50,18	50,00
50,20	50,00
50,23	50,00
50,25	50,00
50,28	50,00
50,30	50,00
50,32	50,00
50,35	50,00
50,37	50,00
50,40	50,00
50,42	50,00
50,45	50,00
50,47	50,00
50,50	50,00
50,52	50,00
50,54	50,00
50,57	50,00
50,59	50,00
50,62	50,00
50,64	50,00
50,67	50,00
50,69	50,00
50,72	50,00
50,74	50,00
50,76	50,00
50,79	50,00
50,81	50,00
50,84	50,00
50,86	50,00
50,89	50,00
50,91	50,00
50,94	50,00
50,96	50,00
50,98	50,00
51,01	50,00
51,03	50,00
51,06	50,00
51,08	50,00
51,11	50,00
51,13	50,00
51,15	50,00
51,18	50,00
51,20	50,00
51,23	50,00
51,25	50,00
51,28	50,00
51,30	50,00
51,33	50,00
51,35	50,00
51,37	50,00
51,40	50,00
51,42	50,00
51,45	50,00
51,47	50,00
51,50	50,00
51,52	50,00
51,55	50,00
51,57	50,00
51,59	50,00
51,62	50,00
51,64	50,00
51,67	50,00
51,69	50,00
51,72	50,00
51,74	50,00
51,77	50,00
51,79	50,00
51,81	50,00
51,84	50,00
51,86	50,00
51,89	50,00
51,91	50,00
51,94	50,00
51,96	50,00
51,99	50,00
52,01	50,00
52,03	50,00
52,06	50,00
52,08	50,00
52,11	50,00
52,13	50,00
52,16	50,00
52,18	50,00
52,20	50,00
52,23	50,00
52,25	50,00
52,28	50,00
52,30	50,00
52,33	50,00
52,35	50,00
52,38	50,00
52,40	50,00
52,42	50,00
52,45	50,00
52,47	50,00
52,50	50,00
52,52	50,00
52,55	50,00
52,57	50,00
52,60	50,00
52,62	50,00
52,64	50,00
52,67	50,00
52,69	50,00
52,72	50,00
52,74	50,00
52,77	50,00
52,79	50,00
52,82	50,00
52,84	50,00
52,86	50,00
52,89	50,00
52,91	50,00
52,94	50,00
52,96	50,00
52,99	50,00
53,01	50,00
53,04	50,00
53,06	50,00
53,08	50,00
53,11	50,00
53,13	50,00
53,16	50,00
53,18	50,00
53,21	50,00
53,23	50,00
53,26	50,00
53,28	50,00
53,30	50,00
53,33	50,00
53,35	50,00
53,38	50,00
53,40	50,00
53,43	50,00
53,45	50,00
53,47	50,00
53,50	50,00
53,52	50,00
53,55	50,00
53,57	50,00
53,60	50,00
53,62	50,00
53,65	50,00
53,67	50,00
53,69	50,00
53,72	50,00
53,74	50,00
53,77	50,00
53,79	50,00
53,82	50,00
53,84	50,00
53,87	50,00
53,89	50,00
53,91	50,00
53,94	50,00
53,96	50,00
53,99	50,00
54,01	50,00
54,04	50,00
54,06	50,00
54,09	50,00
54,11	50,00
54,13	50,00
54,16	50,00
54,18	50,00
54,21	50,00
54,23	50,00
54,26	50,00
54,28	50,00
54,31	50,00
54,33	50,00
54,35	50,00
54,38	50,00
54,40	50,00
54,43	50,00
54,45	50,00
54,48	50,00
54,50	50,00
54,52	50,00
54,55	50,00
54,57	50,00
54,60	50,00
54,62	50,00
54,65	50,00
54,67	50,00
54,70	50,00
54,72	50,00
54,74	50,00
54,77	50,00
54,79	50,00
54,82	50,00
54,84	50,00
54,87	50,00
54,89	50,00
54,92	50,00
54,94	50,00
54,96	50,00
54,99	50,00
55,01	50,00
55,04	50,00
55,06	50,00
55,09	50,00
55,11	50,00
55,14	50,00
55,16	50,00
55,18	50,00
55,21	50,00
55,23	50,00
55,26	50,00
55,28	50,00
55,31	50,00
55,33	50,00
55,36	50,00
55,38	50,00
55,40	50,00
55,43	50,00
55,45	50,00
55,48	50,00
55,50	50,00
55,53	50,00
55,55	50,00
55,57	50,00
55,60	50,00
55,62	50,00
55,65	50,00
55,67	50,00
55,70	50,00
55,72	50,00
55,75	50,00
55,77	50,00
55,79	50,00
55,82	50,00
55,84	50,00
55,87	50,00
55,89	50,00
55,92	50,00
55,94	50,00
55,97	50,00
55,99	50,00
56,01	50,00
56,04	50,00
56,06	50,00
56,09	50,00
56,11	50,00
56,14	50,00
56,16	50,00
56,19	50,00
56,21	50,00
56,23	50,00
56,26	50,00
56,28	50,00
56,31	50,00
56,33	50,00
56,36	50,00
56,38	50,00
56,41	50,00
56,43	50,00
56,45	50,00
56,48	50,00
56,50	50,00
56,53	50,00
56,55	50,00
56,58	50,00
56,60	50,00
56,62	50,00
56,65	50,00
56,67	50,00
56,70	50,00
56,72	50,00
56,75	50,00
56,77	50,00
56,80	50,00
56,82	50,00
56,84	50,00
56,87	50,00
56,89	50,00
56,92	50,00
56,94	50,00
56,97	50,00
56,99	50,00
57,02	50,00
57,04	50,00
57,06	50,00
57,09	50,00
57,11	50,00
57,14	50,00
57,16	50,00
57,19	50,00
57,21	50,00
57,24	50,00
57,26	50,00
57,28	50,00
57,31	50,00
57,33	50,00
57,36	50,00
57,38	50,00
57,41	50,00
57,43	50,00
57,46	50,00
57,48	50,00
57,50	50,00
57,53	50,00
57,55	50,00
57,58	50,00
57,60	50,00
57,63	50,00
57,65	50,00
57,68	50,00
57,70	50,00
57,72	50,00
57,75	50,00
57,77	50,00
57,80	50,00
57,82	50,00
57,85	50,00
57,87	50,00
57,89	50,00
57,92	50,00
57,94	50,00
57,97	50,00
57,99	50,00
58,02	50,00
58,04	50,00
58,07	50,00
58,09	50,00
58,11	50,00
58,14	50,00
58,16	50,00
58,19	50,00
58,21	50,00
58,24	50,00
58,26	50,00
58,29	50,00
58,31	50,00
58,33	50,00
58,36	50,00
58,38	50,00
58,41	50,00
58,43	50,00
58,46	50,00
58,48	50,00
58,51	50,00
58,53	50,00
58,55	50,00
58,58	50,00
58,60	50,00
58,63	50,00
58,65	50,00
58,68	50,00
58,70	50,00
58,73	50,00
58,75	50,00
58,77	50,00
58,80	50,00
58,82	50,00
58,85	50,00
58,87	50,00
58,90	50,00
58,92	50,00
58,94	50,00
58,97	50,00
58,99	50,00
59,02	50,00
59,04	50,00
59,07	50,00
59,09	50,00
59,12	50,00
59,14	50,00
59,16	50,00
59,19	50,00
59,21	50,00
59,24	50,00
59,26	50,00
59,29	50,00
59,31	50,00
59,34	50,00
59,36	50,00
59,38	50,00
59,41	50,00
59,43	50,00
59,46	50,00
59,48	50,00
59,51	50,00
59,53	50,00
59,56	50,00
59,58	50,00
59,60	50,00
59,63	50,00
59,65	50,00
59,68	50,00
59,70	50,00
59,73	50,00
59,75	50,00
59,78	50,00
59,80	50,00
59,82	50,00
59,85	50,00
59,87	50,00
59,90	50,00
59,92	50,00
59,95	50,00
59,97	50,00
59,99	50,00
