Voltage U1	Corriente IA
U1/V	IA/nA

0,02	0,46
0,04	0,49
0,07	0,47
0,09	0,49
0,12	0,46
0,14	0,50
0,17	0,46
0,19	0,53
0,21	0,46
0,24	0,51
0,26	0,47
0,29	0,52
0,31	0,46
0,34	0,50
0,36	0,43
0,39	0,50
0,41	0,46
0,43	0,51
0,46	0,48
0,48	0,52
0,51	0,48
0,53	0,55
0,56	0,49
0,58	0,50
0,61	0,44
0,63	0,45
0,65	0,44
0,68	0,48
0,70	0,45
0,73	0,48
0,75	0,44
0,78	0,47
0,80	0,47
0,83	0,48
0,85	0,47
0,87	0,46
0,90	0,45
0,92	0,47
0,95	0,48
0,97	0,47
1,00	0,48
1,02	0,44
1,05	0,44
1,07	0,43
1,09	0,46
1,12	0,46
1,14	0,48
1,17	0,44
1,19	0,50
1,22	0,48
1,24	0,51
1,26	0,51
1,29	0,49
1,31	0,45
1,34	0,50
1,36	0,45
1,39	0,50
1,41	0,47
1,44	0,49
1,46	0,48
1,48	0,52
1,51	0,49
1,53	0,53
1,56	0,48
1,58	0,53
1,61	0,48
1,63	0,52
1,66	0,50
1,68	0,52
1,70	0,49
1,73	0,53
1,75	0,47
1,78	0,50
1,80	0,47
1,83	0,51
1,85	0,49
1,88	0,53
1,90	0,47
1,92	0,55
1,95	0,50
1,97	0,56
2,00	0,51
2,02	0,52
2,05	0,45
2,07	0,52
2,10	0,45
2,12	0,50
2,14	0,42
2,17	0,47
2,19	0,45
2,22	0,52
2,24	0,47
2,27	0,51
2,29	0,46
2,31	0,51
2,34	0,49
2,36	0,53
2,39	0,49
2,41	0,51
2,44	0,48
2,46	0,51
2,49	0,49
2,51	0,51
2,53	0,48
2,56	0,48
2,58	0,48
2,61	0,49
2,63	0,47
2,66	0,50
2,68	0,50
2,71	0,48
2,73	0,49
2,75	0,46
2,78	0,48
2,80	0,49
2,83	0,49
2,85	0,47
2,88	0,47
2,90	0,46
2,93	0,50
2,95	0,48
2,97	0,46
3,00	0,42
3,02	0,45
3,05	0,46
3,07	0,48
3,10	0,45
3,12	0,47
3,15	0,45
3,17	0,49
3,19	0,47
3,22	0,47
3,24	0,44
3,27	0,47
3,29	0,44
3,32	0,51
3,34	0,48
3,36	0,50
3,39	0,50
3,41	0,53
3,44	0,48
3,46	0,51
3,49	0,45
3,51	0,49
3,54	0,46
3,56	0,48
3,58	0,46
3,61	0,50
3,63	0,44
3,66	0,50
3,68	0,43
3,71	0,48
3,73	0,43
3,76	0,46
3,78	0,41
3,80	0,49
3,83	0,42
3,85	0,48
3,88	0,43
3,90	0,49
3,93	0,47
3,95	0,50
3,98	0,42
4,00	0,46
4,02	0,43
4,05	0,50
4,07	0,47
4,10	0,48
4,12	0,47
4,15	0,50
4,17	0,50
4,20	0,53
4,22	0,48
4,24	0,49
4,27	0,46
4,29	0,47
4,32	0,49
4,34	0,48
4,37	0,47
4,39	0,47
4,42	0,47
4,44	0,47
4,46	0,51
4,49	0,49
4,51	0,51
4,54	0,49
4,56	0,50
4,59	0,49
4,61	0,52
4,63	0,49
4,66	0,52
4,68	0,48
4,71	0,50
4,73	0,47
4,76	0,50
4,78	0,49
4,81	0,50
4,83	0,44
4,85	0,50
4,88	0,45
4,90	0,48
4,93	0,44
4,95	0,48
4,98	0,45
5,00	0,50
5,03	0,46
5,05	0,51
5,07	0,43
5,10	0,48
5,12	0,43
5,15	0,45
5,17	0,41
5,20	0,46
5,22	0,45
5,25	0,55
5,27	0,50
5,29	0,53
5,32	0,51
5,34	0,58
5,37	0,55
5,39	0,60
5,42	0,52
5,44	0,56
5,47	0,54
5,49	0,61
5,51	0,55
5,54	0,58
5,56	0,50
5,59	0,60
5,61	0,57
5,64	0,60
5,66	0,54
5,68	0,58
5,71	0,55
5,73	0,62
5,76	0,56
5,78	0,59
5,81	0,54
5,83	0,55
5,86	0,56
5,88	0,61
5,90	0,55
5,93	0,56
5,95	0,54
5,98	0,58
6,00	0,59
6,03	0,59
6,05	0,57
6,08	0,59
6,10	0,59
6,12	0,63
6,15	0,63
6,17	0,62
6,20	0,63
6,22	0,60
6,25	0,61
6,27	0,60
6,30	0,61
6,32	0,62
6,34	0,64
6,37	0,60
6,39	0,63
6,42	0,61
6,44	0,63
6,47	0,62
6,49	0,62
6,52	0,62
6,54	0,64
6,56	0,63
6,59	0,69
6,61	0,69
6,64	0,69
6,66	0,71
6,69	0,72
6,71	0,72
6,73	0,75
6,76	0,70
6,78	0,72
6,81	0,70
6,83	0,70
6,86	0,72
6,88	0,76
6,91	0,73
6,93	0,78
6,95	0,75
6,98	0,80
7,00	0,78
7,03	0,80
7,05	0,76
7,08	0,81
7,10	0,75
7,13	0,79
7,15	0,74
7,17	0,79
7,20	0,76
7,22	0,82
7,25	0,77
7,27	0,81
7,30	0,78
7,32	0,85
7,35	0,80
7,37	0,82
7,39	0,78
7,42	0,83
7,44	0,82
7,47	0,86
7,49	0,80
7,52	0,85
7,54	0,85
7,57	0,89
7,59	0,88
7,61	0,91
7,64	0,88
7,66	0,92
7,69	0,92
7,71	0,95
7,74	0,95
7,76	0,94
7,78	0,93
7,81	0,93
7,83	0,95
7,86	0,95
7,88	0,95
7,91	0,94
7,93	0,94
7,96	0,94
7,98	0,97
8,00	0,95
8,03	0,96
8,05	0,96
8,08	0,98
8,10	0,96
8,13	1,00
8,15	0,99
8,18	1,02
8,20	1,00
8,22	1,01
8,25	1,01
8,27	1,04
8,30	1,01
8,32	1,05
8,35	1,05
8,37	1,08
8,40	1,07
8,42	1,09
8,44	1,08
8,47	1,11
8,49	1,08
8,52	1,10
8,54	1,07
8,57	1,09
8,59	1,06
8,62	1,10
8,64	1,07
8,66	1,10
8,69	1,07
8,71	1,13
8,74	1,09
8,76	1,14
8,79	1,12
8,81	1,15
8,84	1,12
8,86	1,16
8,88	1,12
8,91	1,17
8,93	1,12
8,96	1,15
8,98	1,11
9,01	1,16
9,03	1,11
9,05	1,17
9,08	1,12
9,10	1,17
9,13	1,11
9,15	1,16
9,18	1,11
9,20	1,13
9,23	1,08
9,25	1,14
9,27	1,11
9,30	1,15
9,32	1,12
9,35	1,15
9,37	1,15
9,40	1,18
9,42	1,16
9,45	1,17
9,47	1,16
9,49	1,16
9,52	1,20
9,54	1,21
9,57	1,22
9,59	1,22
9,62	1,22
9,64	1,22
9,67	1,25
9,69	1,22
9,71	1,23
9,74	1,19
9,76	1,19
9,79	1,20
9,81	1,22
9,84	1,22
9,86	1,24
9,89	1,22
9,91	1,26
9,93	1,27
9,96	1,29
9,98	1,25
10,01	1,27
10,03	1,22
10,06	1,24
10,08	1,21
10,10	1,22
10,13	1,19
10,15	1,26
10,18	1,23
10,20	1,27
10,23	1,25
10,25	1,30
10,28	1,30
10,30	1,33
10,32	1,29
10,35	1,31
10,37	1,29
10,40	1,33
10,42	1,29
10,45	1,34
10,47	1,30
10,50	1,35
10,52	1,34
10,54	1,40
10,57	1,38
10,59	1,41
10,62	1,34
10,64	1,42
10,67	1,37
10,69	1,42
10,72	1,38
10,74	1,41
10,76	1,38
10,79	1,44
10,81	1,41
10,84	1,49
10,86	1,42
10,89	1,45
10,91	1,44
10,94	1,51
10,96	1,48
10,98	1,52
11,01	1,47
11,03	1,53
11,06	1,53
11,08	1,59
11,11	1,57
11,13	1,60
11,15	1,56
11,18	1,60
11,20	1,61
11,23	1,63
11,25	1,63
11,28	1,64
11,30	1,64
11,33	1,68
11,35	1,70
11,37	1,73
11,40	1,75
11,42	1,73
11,45	1,75
11,47	1,75
11,50	1,78
11,52	1,77
11,55	1,80
11,57	1,80
11,59	1,83
11,62	1,83
11,64	1,89
11,67	1,90
11,69	1,93
11,72	1,94
11,74	1,97
11,77	1,97
11,79	2,02
11,81	2,00
11,84	2,04
11,86	2,04
11,89	2,06
11,91	2,07
11,94	2,12
11,96	2,11
11,99	2,18
12,01	2,19
12,03	2,23
12,06	2,23
12,08	2,28
12,11	2,28
12,13	2,32
12,16	2,28
12,18	2,33
12,21	2,29
12,23	2,34
12,25	2,32
12,28	2,36
12,30	2,34
12,33	2,40
12,35	2,33
12,38	2,43
12,40	2,38
12,42	2,43
12,45	2,40
12,47	2,47
12,50	2,43
12,52	2,51
12,55	2,44
12,57	2,50
12,60	2,47
12,62	2,53
12,64	2,50
12,67	2,53
12,69	2,48
12,72	2,53
12,74	2,51
12,77	2,56
12,79	2,52
12,82	2,54
12,84	2,55
12,86	2,58
12,89	2,57
12,91	2,61
12,94	2,55
12,96	2,56
12,99	2,52
13,01	2,52
13,04	2,53
13,06	2,53
13,08	2,52
13,11	2,53
13,13	2,53
13,16	2,54
13,18	2,58
13,21	2,58
13,23	2,59
13,26	2,56
13,28	2,57
13,30	2,56
13,33	2,58
13,35	2,52
13,38	2,54
13,40	2,50
13,43	2,52
13,45	2,52
13,47	2,57
13,50	2,55
13,52	2,56
13,55	2,49
13,57	2,54
13,60	2,51
13,62	2,51
13,65	2,45
13,67	2,46
13,69	2,44
13,72	2,50
13,74	2,42
13,77	2,46
13,79	2,41
13,82	2,42
13,84	2,41
13,87	2,41
13,89	2,37
13,91	2,45
13,94	2,39
13,96	2,45
13,99	2,40
14,01	2,44
14,04	2,39
14,06	2,44
14,09	2,34
14,11	2,40
14,13	2,30
14,16	2,36
14,18	2,30
14,21	2,37
14,23	2,32
14,26	2,39
14,28	2,32
14,31	2,41
14,33	2,35
14,35	2,40
14,38	2,33
14,40	2,34
14,43	2,30
14,45	2,36
14,48	2,29
14,50	2,32
14,52	2,26
14,55	2,30
14,57	2,30
14,60	2,34
14,62	2,30
14,65	2,35
14,67	2,33
14,70	2,36
14,72	2,37
14,74	2,38
14,77	2,36
14,79	2,36
14,82	2,34
14,84	2,37
14,87	2,38
14,89	2,38
14,92	2,40
14,94	2,40
14,96	2,42
14,99	2,41
15,01	2,43
15,04	2,46
15,06	2,48
15,09	2,46
15,11	2,49
15,14	2,46
15,16	2,50
15,18	2,49
15,21	2,51
15,23	2,52
15,26	2,55
15,28	2,54
15,31	2,61
15,33	2,61
15,36	2,66
15,38	2,66
15,40	2,69
15,43	2,70
15,45	2,76
15,48	2,73
15,50	2,80
15,53	2,78
15,55	2,84
15,57	2,86
15,60	2,89
15,62	2,90
15,65	2,99
15,67	2,97
15,70	3,05
15,72	3,03
15,75	3,08
15,77	3,14
15,79	3,23
15,82	3,20
15,84	3,28
15,87	3,25
15,89	3,34
15,92	3,34
15,94	3,38
15,97	3,35
15,99	3,44
16,01	3,44
16,04	3,56
16,06	3,55
16,09	3,60
16,11	3,60
16,14	3,69
16,16	3,71
16,19	3,79
16,21	3,77
16,23	3,85
16,26	3,87
16,28	3,96
16,31	3,97
16,33	4,01
16,36	4,03
16,38	4,10
16,41	4,12
16,43	4,21
16,45	4,23
16,48	4,27
16,50	4,35
16,53	4,41
16,55	4,48
16,58	4,54
16,60	4,56
16,63	4,59
16,65	4,65
16,67	4,68
16,70	4,76
16,72	4,77
16,75	4,84
16,77	4,88
16,80	4,96
16,82	4,99
16,84	5,07
16,87	5,10
16,89	5,19
16,92	5,21
16,94	5,27
16,97	5,30
16,99	5,38
17,02	5,39
17,04	5,47
17,06	5,44
17,09	5,51
17,11	5,51
17,14	5,54
17,16	5,54
17,19	5,59
17,21	5,56
17,24	5,64
17,26	5,62
17,28	5,69
17,31	5,67
17,33	5,70
17,36	5,68
17,38	5,72
17,41	5,66
17,43	5,74
17,46	5,68
17,48	5,76
17,50	5,72
17,53	5,77
17,55	5,72
17,58	5,78
17,60	5,68
17,63	5,75
17,65	5,66
17,68	5,69
17,70	5,62
17,72	5,65
17,75	5,58
17,77	5,62
17,80	5,52
17,82	5,57
17,85	5,51
17,87	5,54
17,89	5,45
17,92	5,46
17,94	5,40
17,97	5,46
17,99	5,39
18,02	5,36
18,04	5,30
18,07	5,30
18,09	5,26
18,11	5,26
18,14	5,18
18,16	5,14
18,19	5,07
18,21	5,05
18,24	5,03
18,26	5,00
18,29	4,93
18,31	4,88
18,33	4,83
18,36	4,80
18,38	4,77
18,41	4,71
18,43	4,69
18,46	4,64
18,48	4,64
18,51	4,62
18,53	4,60
18,55	4,56
18,58	4,55
18,60	4,47
18,63	4,47
18,65	4,41
18,68	4,42
18,70	4,37
18,73	4,35
18,75	4,27
18,77	4,28
18,80	4,23
18,82	4,22
18,85	4,13
18,87	4,14
18,90	4,09
18,92	4,09
18,94	4,02
18,97	4,03
18,99	3,97
19,02	3,99
19,04	3,93
19,07	3,96
19,09	3,92
19,12	3,95
19,14	3,90
19,16	3,94
19,19	3,87
19,21	3,89
19,24	3,84
19,26	3,89
19,29	3,85
19,31	3,90
19,34	3,83
19,36	3,89
19,38	3,84
19,41	3,89
19,43	3,83
19,46	3,86
19,48	3,81
19,51	3,87
19,53	3,85
19,56	3,90
19,58	3,85
19,60	3,88
19,63	3,87
19,65	3,91
19,68	3,89
19,70	3,94
19,73	3,92
19,75	3,95
19,78	3,98
19,80	4,03
19,82	4,05
19,85	4,07
19,87	4,06
19,90	4,12
19,92	4,16
19,95	4,18
19,97	4,23
19,99	4,25
20,02	4,29
20,04	4,33
20,07	4,39
20,09	4,44
20,12	4,49
20,14	4,49
20,17	4,57
20,19	4,60
20,21	4,67
20,24	4,70
20,26	4,75
20,29	4,78
20,31	4,85
20,34	4,87
20,36	4,96
20,39	4,97
20,41	5,07
20,43	5,09
20,46	5,18
20,48	5,23
20,51	5,35
20,53	5,38
20,56	5,49
20,58	5,52
20,61	5,61
20,63	5,64
20,65	5,73
20,68	5,73
20,70	5,86
20,73	5,91
20,75	6,01
20,78	6,05
20,80	6,16
20,83	6,23
20,85	6,38
20,87	6,42
20,90	6,52
20,92	6,53
20,95	6,68
20,97	6,73
21,00	6,85
21,02	6,87
21,05	7,00
21,07	7,05
21,09	7,21
21,12	7,24
21,14	7,37
21,17	7,43
21,19	7,59
21,22	7,65
21,24	7,79
21,26	7,83
21,29	7,95
21,31	8,01
21,34	8,14
21,36	8,19
21,39	8,30
21,41	8,36
21,44	8,51
21,46	8,61
21,48	8,75
21,51	8,84
21,53	8,96
21,56	9,05
21,58	9,16
21,61	9,24
21,63	9,34
21,66	9,41
21,68	9,47
21,70	9,55
21,73	9,62
21,75	9,75
21,78	9,82
21,80	9,92
21,83	9,98
21,85	10,08
21,88	10,14
21,90	10,27
21,92	10,31
21,95	10,40
21,97	10,40
22,00	10,48
22,02	10,50
22,05	10,56
22,07	10,55
22,10	10,59
22,12	10,55
22,14	10,64
22,17	10,64
22,19	10,68
22,22	10,68
22,24	10,72
22,27	10,68
22,29	10,75
22,31	10,71
22,34	10,70
22,36	10,69
22,39	10,69
22,41	10,62
22,44	10,63
22,46	10,53
22,49	10,52
22,51	10,42
22,53	10,39
22,56	10,28
22,58	10,23
22,61	10,13
22,63	10,15
22,66	10,03
22,68	10,04
22,71	9,92
22,73	9,90
22,75	9,80
22,78	9,78
22,80	9,62
22,83	9,59
22,85	9,43
22,88	9,40
22,90	9,29
22,93	9,24
22,95	9,09
22,97	9,03
23,00	8,91
23,02	8,90
23,05	8,77
23,07	8,69
23,10	8,54
23,12	8,46
23,15	8,35
23,17	8,28
23,19	8,13
23,22	8,03
23,24	7,89
23,27	7,81
23,29	7,73
23,32	7,62
23,34	7,50
23,36	7,43
23,39	7,34
23,41	7,28
23,44	7,21
23,46	7,12
23,49	7,05
23,51	6,96
23,54	6,87
23,56	6,80
23,58	6,73
23,61	6,64
23,63	6,60
23,66	6,50
23,68	6,45
23,71	6,42
23,73	6,39
23,76	6,34
23,78	6,32
23,80	6,23
23,83	6,24
23,85	6,17
23,88	6,11
23,90	6,05
23,93	6,04
23,95	5,97
23,98	5,96
24,00	5,92
24,02	5,94
24,05	5,92
24,07	5,93
24,10	5,92
24,12	5,94
24,15	5,90
24,17	5,93
24,20	5,90
24,22	5,94
24,24	5,90
24,27	5,91
24,29	5,89
24,32	5,97
24,34	5,95
24,37	6,04
24,39	6,01
24,42	6,07
24,44	6,05
24,46	6,12
24,49	6,11
24,51	6,16
24,54	6,12
24,56	6,22
24,59	6,23
24,61	6,31
24,63	6,30
24,66	6,36
24,68	6,39
24,71	6,49
24,73	6,49
24,76	6,57
24,78	6,59
24,81	6,69
24,83	6,76
24,85	6,86
24,88	6,90
24,90	6,99
24,93	7,06
24,95	7,16
24,98	7,25
25,00	7,33
25,03	7,40
25,05	7,47
25,07	7,54
25,10	7,65
25,12	7,76
25,15	7,83
25,17	7,93
25,20	7,98
25,22	8,11
25,25	8,19
25,27	8,30
25,29	8,38
25,32	8,50
25,34	8,57
25,37	8,72
25,39	8,81
25,42	8,95
25,44	9,03
25,47	9,16
25,49	9,26
25,51	9,39
25,54	9,48
25,56	9,63
25,59	9,73
25,61	9,90
25,64	10,01
25,66	10,17
25,68	10,30
25,71	10,46
25,73	10,53
25,76	10,71
25,78	10,79
25,81	10,96
25,83	11,06
25,86	11,19
25,88	11,28
25,90	11,48
25,93	11,56
25,95	11,78
25,98	11,86
26,00	12,04
26,03	12,17
26,05	12,34
26,08	12,43
26,10	12,62
26,12	12,69
26,15	12,86
26,17	12,96
26,20	13,13
26,22	13,26
26,25	13,47
26,27	13,57
26,30	13,79
26,32	13,93
26,34	14,11
26,37	14,27
26,39	14,47
26,42	14,58
26,44	14,76
26,47	14,82
26,49	14,96
26,52	15,07
26,54	15,23
26,56	15,34
26,59	15,46
26,61	15,57
26,64	15,75
26,66	15,91
26,69	16,08
26,71	16,20
26,73	16,30
26,76	16,41
26,78	16,49
26,81	16,63
26,83	16,71
26,86	16,79
26,88	16,83
26,91	16,90
26,93	16,96
26,95	17,07
26,98	17,09
27,00	17,13
27,03	17,15
27,05	17,22
27,08	17,22
27,10	17,27
27,13	17,25
27,15	17,25
27,17	17,22
27,20	17,22
27,22	17,12
27,25	17,10
27,27	17,03
27,30	17,01
27,32	16,93
27,35	16,91
27,37	16,79
27,39	16,78
27,42	16,71
27,44	16,66
27,47	16,51
27,49	16,42
27,52	16,28
27,54	16,23
27,57	16,09
27,59	16,02
27,61	15,83
27,64	15,77
27,66	15,61
27,69	15,54
27,71	15,35
27,74	15,27
27,76	15,06
27,78	14,95
27,81	14,74
27,83	14,63
27,86	14,43
27,88	14,33
27,91	14,11
27,93	14,01
27,96	13,84
27,98	13,71
28,00	13,49
28,03	13,32
28,05	13,10
28,08	12,98
28,10	12,74
28,13	12,56
28,15	12,35
28,18	12,21
28,20	12,01
28,22	11,89
28,25	11,68
28,27	11,54
28,30	11,38
28,32	11,26
28,35	11,13
28,37	11,01
28,40	10,84
28,42	10,72
28,44	10,57
28,47	10,45
28,49	10,36
28,52	10,23
28,54	10,12
28,57	10,00
28,59	9,92
28,62	9,83
28,64	9,76
28,66	9,65
28,69	9,59
28,71	9,47
28,74	9,41
28,76	9,34
28,79	9,26
28,81	9,17
28,84	9,17
28,86	9,10
28,88	9,14
28,91	9,07
28,93	9,07
28,96	9,03
28,98	9,03
29,01	8,98
29,03	8,99
29,05	8,92
29,08	8,95
29,10	8,91
29,13	8,95
29,15	8,96
29,18	9,01
29,20	8,99
29,23	9,07
29,25	9,07
29,27	9,14
29,30	9,12
29,32	9,17
29,35	9,15
29,37	9,24
29,40	9,23
29,42	9,33
29,45	9,33
29,47	9,46
29,49	9,49
29,52	9,62
29,54	9,67
29,57	9,80
29,59	9,82
29,62	9,98
29,64	10,01
29,67	10,11
29,69	10,15
29,71	10,22
29,74	10,28
29,76	10,41
29,79	10,48
29,81	10,62
29,84	10,68
29,86	10,82
29,89	10,98
29,91	11,14
29,93	11,25
29,96	11,37
29,98	11,47
30,01	11,63
30,03	11,76
30,06	11,88
30,08	12,00
30,10	12,12
30,13	12,27
30,15	12,42
30,18	12,60
30,20	12,75
30,23	12,93
30,25	13,05
30,28	13,24
30,30	13,37
30,32	13,55
30,35	13,69
30,37	13,86
30,40	13,96
30,42	14,17
30,45	14,26
30,47	14,49
30,50	14,63
30,52	14,84
30,54	14,99
30,57	15,22
30,59	15,37
30,62	15,66
30,64	15,81
30,67	16,02
30,69	16,14
30,72	16,35
30,74	16,52
30,76	16,73
30,79	16,84
30,81	17,06
30,84	17,25
30,86	17,50
30,89	17,71
30,91	17,93
30,94	18,14
30,96	18,41
30,98	18,57
31,01	18,80
31,03	18,95
31,06	19,17
31,08	19,35
31,11	19,58
31,13	19,70
31,15	19,94
31,18	20,12
31,20	20,39
31,23	20,55
31,25	20,79
31,28	20,96
31,30	21,22
31,33	21,42
31,35	21,64
31,37	21,78
31,40	22,00
31,42	22,17
31,45	22,40
31,47	22,58
31,50	22,77
31,52	22,95
31,55	23,17
31,57	23,33
31,59	23,53
31,62	23,69
31,64	23,84
31,67	23,98
31,69	24,16
31,72	24,31
31,74	24,46
31,77	24,60
31,79	24,71
31,81	24,83
31,84	24,93
31,86	25,02
31,89	25,09
31,91	25,16
31,94	25,19
31,96	25,23
31,99	25,25
32,01	25,32
32,03	25,32
32,06	25,34
32,08	25,37
32,11	25,41
32,13	25,38
32,16	25,41
32,18	25,36
32,20	25,34
32,23	25,29
32,25	25,23
32,28	25,09
32,30	25,05
32,33	24,94
32,35	24,88
32,38	24,75
32,40	24,68
32,42	24,55
32,45	24,51
32,47	24,40
32,50	24,30
32,52	24,13
32,55	24,04
32,57	23,83
32,60	23,72
32,62	23,50
32,64	23,35
32,67	23,10
32,69	22,93
32,72	22,69
32,74	22,59
32,77	22,30
32,79	22,17
32,82	21,91
32,84	21,78
32,86	21,52
32,89	21,38
32,91	21,06
32,94	20,90
32,96	20,60
32,99	20,40
33,01	20,11
33,04	19,90
33,06	19,58
33,08	19,38
33,11	19,10
33,13	18,95
33,16	18,70
33,18	18,50
33,21	18,25
33,23	18,08
33,26	17,85
33,28	17,67
33,30	17,40
33,33	17,18
33,35	16,96
33,38	16,76
33,40	16,55
33,43	16,36
33,45	16,16
33,47	16,00
33,50	15,82
33,52	15,67
33,55	15,54
33,57	15,40
33,60	15,28
33,62	15,12
33,65	14,97
33,67	14,86
33,69	14,75
33,72	14,61
33,74	14,52
33,77	14,40
33,79	14,33
33,82	14,29
33,84	14,22
33,87	14,15
33,89	14,15
33,91	14,09
33,94	14,10
33,96	14,05
33,99	14,02
34,01	13,99
34,04	13,99
34,06	13,94
34,09	13,94
34,11	13,90
34,13	13,93
34,16	13,89
34,18	13,93
34,21	13,94
34,23	13,99
34,26	14,01
34,28	14,11
34,31	14,15
34,33	14,25
34,35	14,28
34,38	14,38
34,40	14,42
34,43	14,56
34,45	14,58
34,48	14,70
34,50	14,74
34,52	14,86
34,55	14,93
34,57	15,07
34,60	15,11
34,62	15,26
34,65	15,32
34,67	15,53
34,70	15,64
34,72	15,79
34,74	15,91
34,77	16,08
34,79	16,22
34,82	16,45
34,84	16,55
34,87	16,71
34,89	16,84
34,92	17,01
34,94	17,17
34,96	17,35
34,99	17,48
35,01	17,69
35,04	17,88
35,06	18,08
35,09	18,31
35,11	18,50
35,14	18,73
35,16	18,92
35,18	19,09
35,21	19,27
35,23	19,49
35,26	19,68
35,28	19,92
35,31	20,05
35,33	20,27
35,36	20,50
35,38	20,79
35,40	21,00
35,43	21,24
35,45	21,42
35,48	21,74
35,50	21,98
35,53	22,27
35,55	22,44
35,57	22,70
35,60	22,91
35,62	23,16
35,65	23,32
35,67	23,59
35,70	23,72
35,72	24,03
35,75	24,25
35,77	24,54
35,79	24,78
35,82	25,12
35,84	25,34
35,87	25,70
35,89	25,90
35,92	26,15
35,94	26,35
35,97	26,64
35,99	26,83
36,01	27,14
36,04	27,34
36,06	27,66
36,09	27,94
36,11	28,27
36,14	28,54
36,16	28,87
36,19	29,10
36,21	29,43
36,23	29,63
36,26	29,89
36,28	30,10
36,31	30,35
36,33	30,53
36,36	30,80
36,38	31,01
36,41	31,32
36,43	31,54
36,45	31,82
36,48	32,07
36,50	32,36
36,53	32,57
36,55	32,79
36,58	32,98
36,60	33,19
36,62	33,35
36,65	33,52
36,67	33,69
36,70	33,84
36,72	34,00
36,75	34,16
36,77	34,34
36,80	34,50
36,82	34,66
36,84	34,78
36,87	34,93
36,89	35,04
36,92	35,17
36,94	35,24
36,97	35,31
36,99	35,32
37,02	35,38
37,04	35,39
37,06	35,43
37,09	35,43
37,11	35,46
37,14	35,52
37,16	35,54
37,19	35,52
37,21	35,54
37,24	35,52
37,26	35,47
37,28	35,42
37,31	35,35
37,33	35,26
37,36	35,21
37,38	35,11
37,41	35,04
37,43	34,93
37,46	34,83
37,48	34,69
37,50	34,59
37,53	34,47
37,55	34,34
37,58	34,13
37,60	34,02
37,63	33,83
37,65	33,70
37,68	33,51
37,70	33,34
37,72	33,06
37,75	32,91
37,77	32,60
37,80	32,45
37,82	32,14
37,85	31,93
37,87	31,61
37,89	31,43
37,92	31,09
37,94	30,92
37,97	30,55
37,99	30,33
38,02	30,00
38,04	29,84
38,07	29,53
38,09	29,32
38,11	28,96
38,14	28,73
38,16	28,39
38,19	28,14
38,21	27,77
38,24	27,45
38,26	27,10
38,29	26,83
38,31	26,50
38,33	26,26
38,36	25,94
38,38	25,68
38,41	25,43
38,43	25,18
38,46	24,94
38,48	24,71
38,51	24,42
38,53	24,18
38,55	23,94
38,58	23,70
38,60	23,51
38,63	23,29
38,65	23,09
38,68	22,92
38,70	22,75
38,73	22,57
38,75	22,45
38,77	22,27
38,80	22,16
38,82	22,01
38,85	21,88
38,87	21,74
38,90	21,67
38,92	21,53
38,94	21,53
38,97	21,39
38,99	21,38
39,02	21,28
39,04	21,27
39,07	21,18
39,09	21,20
39,12	21,10
39,14	21,16
39,16	21,09
39,19	21,13
39,21	21,12
39,24	21,17
39,26	21,15
39,29	21,22
39,31	21,19
39,34	21,30
39,36	21,33
39,38	21,43
39,41	21,45
39,43	21,57
39,46	21,60
39,48	21,74
39,51	21,79
39,53	21,93
39,56	21,95
39,58	22,11
39,60	22,19
39,63	22,37
39,65	22,47
39,68	22,68
39,70	22,79
39,73	23,01
39,75	23,13
39,78	23,30
39,80	23,40
39,82	23,58
39,85	23,71
39,87	23,94
39,90	24,10
39,92	24,31
39,95	24,50
39,97	24,73
39,99	24,95
40,02	25,19
40,04	25,38
40,07	25,59
40,09	25,80
40,12	26,01
40,14	26,29
40,17	26,50
40,19	26,74
40,21	26,93
40,24	27,20
40,26	27,45
40,29	27,77
40,31	27,99
40,34	28,31
40,36	28,55
40,39	28,87
40,41	29,14
40,43	29,43
40,46	29,64
40,48	29,92
40,51	30,13
40,53	30,45
40,56	30,68
40,58	31,01
40,61	31,27
40,63	31,62
40,65	31,93
40,68	32,33
40,70	32,59
40,73	32,98
40,75	33,23
40,78	33,57
40,80	33,83
40,83	34,17
40,85	34,41
40,87	34,79
40,90	35,05
40,92	35,42
40,95	35,75
40,97	36,14
41,00	36,45
41,02	36,80
41,05	37,09
41,07	37,47
41,09	37,78
41,12	38,08
41,14	38,36
41,17	38,68
41,19	38,96
41,22	39,30
41,24	39,53
41,26	39,84
41,29	40,13
41,31	40,47
41,34	40,75
41,36	41,08
41,39	41,36
41,41	41,71
41,44	42,03
41,46	42,38
41,48	42,60
41,51	42,90
41,53	43,18
41,56	43,45
41,58	43,72
41,61	43,97
41,63	44,18
41,66	44,47
41,68	44,74
41,70	44,96
41,73	45,22
41,75	45,44
41,78	45,65
41,80	45,88
41,83	46,06
41,85	46,24
41,88	46,44
41,90	46,55
41,92	46,69
41,95	46,80
41,97	46,98
42,00	47,16
42,02	47,31
42,05	47,44
42,07	47,63
42,10	47,72
42,12	47,90
42,14	47,99
42,17	48,06
42,19	48,06
42,22	48,15
42,24	48,13
42,27	48,21
42,29	48,21
42,31	48,21
42,34	48,23
42,36	48,32
42,39	48,27
42,41	48,30
42,44	48,28
42,46	48,24
42,49	48,17
42,51	48,13
42,53	48,03
42,56	47,99
42,58	47,90
42,61	47,84
42,63	47,70
42,66	47,60
42,68	47,42
42,71	47,31
42,73	47,16
42,75	47,03
42,78	46,79
42,80	46,66
42,83	46,42
42,85	46,30
42,88	46,06
42,90	45,88
42,93	45,62
42,95	45,44
42,97	45,17
43,00	45,04
43,02	44,72
43,05	44,47
43,07	44,16
43,10	43,94
43,12	43,59
43,15	43,31
43,17	42,91
43,19	42,65
43,22	42,37
43,24	42,12
43,27	41,77
43,29	41,49
43,32	41,18
43,34	40,93
43,36	40,64
43,39	40,34
43,41	39,97
43,44	39,65
43,46	39,38
43,49	39,03
43,51	38,71
43,54	38,40
43,56	38,08
43,58	37,82
43,61	37,57
43,63	37,26
43,66	37,08
43,68	36,83
43,71	36,60
43,73	36,34
43,76	36,10
43,78	35,86
43,80	35,68
43,83	35,40
43,85	35,21
43,88	34,98
43,90	34,83
43,93	34,66
43,95	34,54
43,98	34,33
44,00	34,26
44,02	34,12
44,05	34,01
44,07	33,89
44,10	33,80
44,12	33,62
44,15	33,56
44,17	33,41
44,20	33,38
44,22	33,29
44,24	33,25
44,27	33,19
44,29	33,19
44,32	33,13
44,34	33,20
44,37	33,13
44,39	33,20
44,41	33,16
44,44	33,20
44,46	33,24
44,49	33,35
44,51	33,35
44,54	33,49
44,56	33,56
44,59	33,69
44,61	33,74
44,63	33,86
44,66	33,91
44,68	34,06
44,71	34,11
44,73	34,23
44,76	34,33
44,78	34,53
44,81	34,68
44,83	34,87
44,85	35,05
44,88	35,27
44,90	35,47
44,93	35,77
44,95	35,94
44,98	36,13
45,00	36,31
45,03	36,48
45,05	36,73
45,07	36,96
45,10	37,15
45,12	37,40
45,15	37,66
45,17	37,93
45,20	38,25
45,22	38,50
45,25	38,81
45,27	39,10
45,29	39,44
45,32	39,70
45,34	40,02
45,37	40,26
45,39	40,58
45,42	40,82
45,44	41,12
45,47	41,39
45,49	41,78
45,51	42,09
45,54	42,52
45,56	42,84
45,59	43,27
45,61	43,62
45,64	44,07
45,66	44,40
45,68	44,81
45,71	45,09
45,73	45,50
45,76	45,84
45,78	46,19
45,81	46,47
45,83	46,84
45,86	47,22
45,88	47,62
45,90	47,99
45,93	48,40
45,95	48,79
45,98	49,16
46,00	49,45
46,03	49,67
46,05	49,85
46,08	49,96
46,10	49,98
46,12	50,00
46,15	50,00
46,17	50,00
46,20	50,00
46,22	50,00
46,25	50,00
46,27	50,00
46,30	50,00
46,32	50,00
46,34	50,00
46,37	50,00
46,39	50,00
46,42	50,00
46,44	50,00
46,47	50,00
46,49	50,00
46,52	50,00
46,54	50,00
46,56	50,00
46,59	50,00
46,61	50,00
46,64	50,00
46,66	50,00
46,69	50,00
46,71	50,00
46,73	50,00
46,76	50,00
46,78	50,00
46,81	50,00
46,83	50,00
46,86	50,00
46,88	50,00
46,91	50,00
46,93	50,00
46,95	50,00
46,98	50,00
47,00	50,00
47,03	50,00
47,05	50,00
47,08	50,00
47,10	50,00
47,13	50,00
47,15	50,00
47,17	50,00
47,20	50,00
47,22	50,00
47,25	50,00
47,27	50,00
47,30	50,00
47,32	50,00
47,35	50,00
47,37	50,00
47,39	50,00
47,42	50,00
47,44	50,00
47,47	50,00
47,49	50,00
47,52	50,00
47,54	50,00
47,57	50,00
47,59	50,00
47,61	50,00
47,64	50,00
47,66	50,00
47,69	50,00
47,71	50,00
47,74	50,00
47,76	50,00
47,78	50,00
47,81	50,00
47,83	50,00
47,86	50,00
47,88	50,00
47,91	50,00
47,93	50,00
47,96	50,00
47,98	50,00
48,00	50,00
48,03	50,00
48,05	50,00
48,08	50,00
48,10	50,00
48,13	50,00
48,15	50,00
48,18	50,00
48,20	50,00
48,22	50,00
48,25	50,00
48,27	50,00
48,30	50,00
48,32	50,00
48,35	50,00
48,37	50,00
48,40	50,00
48,42	50,00
48,44	50,00
48,47	50,00
48,49	50,00
48,52	50,00
48,54	50,00
48,57	50,00
48,59	50,00
48,62	50,00
48,64	50,00
48,66	50,00
48,69	50,00
48,71	50,00
48,74	50,00
48,76	50,00
48,79	50,00
48,81	50,00
48,84	50,00
48,86	50,00
48,88	50,00
48,91	50,00
48,93	50,00
48,96	50,00
48,98	50,00
49,01	50,00
49,03	50,00
49,05	50,00
49,08	50,00
49,10	50,00
49,13	50,00
49,15	50,00
49,18	50,00
49,20	50,00
49,23	50,00
49,25	50,00
49,27	50,00
49,30	50,00
49,32	50,00
49,35	50,00
49,37	50,00
49,40	50,00
49,42	50,00
49,45	50,00
49,47	50,00
49,49	50,00
49,52	50,00
49,54	50,00
49,57	50,00
49,59	50,00
49,62	50,00
49,64	50,00
49,67	50,00
49,69	50,00
49,71	50,00
49,74	50,00
49,76	50,00
49,79	50,00
49,81	50,00
49,84	50,00
49,86	50,00
49,89	50,00
49,91	50,00
49,93	50,00
49,96	50,00
49,98	50,00
50,01	50,00
50,03	50,00
50,06	50,00
50,08	50,00
50,10	50,00
50,13	50,00
50,15	50,00
50,18	50,00
50,20	50,00
50,23	50,00
50,25	50,00
50,28	50,00
50,30	50,00
50,32	50,00
50,35	50,00
50,37	50,00
50,40	50,00
50,42	50,00
50,45	50,00
50,47	50,00
50,50	50,00
50,52	50,00
50,54	50,00
50,57	50,00
50,59	50,00
50,62	50,00
50,64	50,00
50,67	50,00
50,69	50,00
50,72	50,00
50,74	50,00
50,76	50,00
50,79	50,00
50,81	50,00
50,84	50,00
50,86	50,00
50,89	50,00
50,91	50,00
50,94	50,00
50,96	50,00
50,98	50,00
51,01	50,00
51,03	50,00
51,06	50,00
51,08	50,00
51,11	50,00
51,13	50,00
51,15	50,00
51,18	50,00
51,20	50,00
51,23	50,00
51,25	50,00
51,28	50,00
51,30	50,00
51,33	50,00
51,35	50,00
51,37	50,00
51,40	50,00
51,42	50,00
51,45	50,00
51,47	50,00
51,50	50,00
51,52	50,00
51,55	50,00
51,57	50,00
51,59	50,00
51,62	50,00
51,64	50,00
51,67	50,00
51,69	50,00
51,72	50,00
51,74	50,00
51,77	50,00
51,79	50,00
51,81	50,00
51,84	50,00
51,86	50,00
51,89	50,00
51,91	50,00
51,94	50,00
51,96	50,00
51,99	50,00
52,01	50,00
52,03	50,00
52,06	50,00
52,08	50,00
52,11	50,00
52,13	50,00
52,16	50,00
52,18	50,00
52,20	50,00
52,23	50,00
52,25	50,00
52,28	50,00
52,30	50,00
52,33	50,00
52,35	50,00
52,38	50,00
52,40	50,00
52,42	50,00
52,45	50,00
52,47	50,00
52,50	50,00
52,52	50,00
52,55	50,00
52,57	50,00
52,60	50,00
52,62	50,00
52,64	50,00
52,67	50,00
52,69	50,00
52,72	50,00
52,74	50,00
52,77	50,00
52,79	50,00
52,82	50,00
52,84	50,00
52,86	50,00
52,89	50,00
52,91	50,00
52,94	50,00
52,96	50,00
52,99	50,00
53,01	50,00
53,04	50,00
53,06	50,00
53,08	50,00
53,11	50,00
53,13	50,00
53,16	50,00
53,18	50,00
53,21	50,00
53,23	50,00
53,26	50,00
53,28	50,00
53,30	50,00
53,33	50,00
53,35	50,00
53,38	50,00
53,40	50,00
53,43	50,00
53,45	50,00
53,47	50,00
53,50	50,00
53,52	50,00
53,55	50,00
53,57	50,00
53,60	50,00
53,62	50,00
53,65	50,00
53,67	50,00
53,69	50,00
53,72	50,00
53,74	50,00
53,77	50,00
53,79	50,00
53,82	50,00
53,84	50,00
53,87	50,00
53,89	50,00
53,91	50,00
53,94	50,00
53,96	50,00
53,99	50,00
54,01	50,00
54,04	50,00
54,06	50,00
54,09	50,00
54,11	50,00
54,13	50,00
54,16	50,00
54,18	50,00
54,21	50,00
54,23	50,00
54,26	50,00
54,28	50,00
54,31	50,00
54,33	50,00
54,35	50,00
54,38	50,00
54,40	50,00
54,43	50,00
54,45	50,00
54,48	50,00
54,50	50,00
54,52	50,00
54,55	50,00
54,57	50,00
54,60	50,00
54,62	50,00
54,65	50,00
54,67	50,00
54,70	50,00
54,72	50,00
54,74	50,00
54,77	50,00
54,79	50,00
54,82	50,00
54,84	50,00
54,87	50,00
54,89	50,00
54,92	50,00
54,94	50,00
54,96	50,00
54,99	50,00
55,01	50,00
55,04	50,00
55,06	50,00
55,09	50,00
55,11	50,00
55,14	50,00
55,16	50,00
55,18	50,00
55,21	50,00
55,23	50,00
55,26	50,00
55,28	50,00
55,31	50,00
55,33	50,00
55,36	50,00
55,38	50,00
55,40	50,00
55,43	50,00
55,45	50,00
55,48	50,00
55,50	50,00
55,53	50,00
55,55	50,00
55,57	50,00
55,60	50,00
55,62	50,00
55,65	50,00
55,67	50,00
55,70	50,00
55,72	50,00
55,75	50,00
55,77	50,00
55,79	50,00
55,82	50,00
55,84	50,00
55,87	50,00
55,89	50,00
55,92	50,00
55,94	50,00
55,97	50,00
55,99	50,00
56,01	50,00
56,04	50,00
56,06	50,00
56,09	50,00
56,11	50,00
56,14	50,00
56,16	50,00
56,19	50,00
56,21	50,00
56,23	50,00
56,26	50,00
56,28	50,00
56,31	50,00
56,33	50,00
56,36	50,00
56,38	50,00
56,41	50,00
56,43	50,00
56,45	50,00
56,48	50,00
56,50	50,00
56,53	50,00
56,55	50,00
56,58	50,00
56,60	50,00
56,62	50,00
56,65	50,00
56,67	50,00
56,70	50,00
56,72	50,00
56,75	50,00
56,77	50,00
56,80	50,00
56,82	50,00
56,84	50,00
56,87	50,00
56,89	50,00
56,92	50,00
56,94	50,00
56,97	50,00
56,99	50,00
57,02	50,00
57,04	50,00
57,06	50,00
57,09	50,00
57,11	50,00
57,14	50,00
57,16	50,00
57,19	50,00
57,21	50,00
57,24	50,00
57,26	50,00
57,28	50,00
57,31	50,00
57,33	50,00
57,36	50,00
57,38	50,00
57,41	50,00
57,43	50,00
57,46	50,00
57,48	50,00
57,50	50,00
57,53	50,00
57,55	50,00
57,58	50,00
57,60	50,00
57,63	50,00
57,65	50,00
57,68	50,00
57,70	50,00
57,72	50,00
57,75	50,00
57,77	50,00
57,80	50,00
57,82	50,00
57,85	50,00
57,87	50,00
57,89	50,00
57,92	50,00
57,94	50,00
57,97	50,00
57,99	50,00
58,02	50,00
58,04	50,00
58,07	50,00
58,09	50,00
58,11	50,00
58,14	50,00
58,16	50,00
58,19	50,00
58,21	50,00
58,24	50,00
58,26	50,00
58,29	50,00
58,31	50,00
58,33	50,00
58,36	50,00
58,38	50,00
58,41	50,00
58,43	50,00
58,46	50,00
58,48	50,00
58,51	50,00
58,53	50,00
58,55	50,00
58,58	50,00
58,60	50,00
58,63	50,00
58,65	50,00
58,68	50,00
58,70	50,00
58,73	50,00
58,75	50,00
58,77	50,00
58,80	50,00
58,82	50,00
58,85	50,00
58,87	50,00
58,90	50,00
58,92	50,00
58,94	50,00
58,97	50,00
58,99	50,00
59,02	50,00
59,04	50,00
59,07	50,00
59,09	50,00
59,12	50,00
59,14	50,00
59,16	50,00
59,19	50,00
59,21	50,00
59,24	50,00
59,26	50,00
59,29	50,00
59,31	50,00
59,34	50,00
59,36	50,00
59,38	50,00
59,41	50,00
59,43	50,00
59,46	50,00
59,48	50,00
59,51	50,00
59,53	50,00
59,56	50,00
59,58	50,00
59,60	50,00
59,63	50,00
59,65	50,00
59,68	50,00
59,70	50,00
59,73	50,00
59,75	50,00
59,78	50,00
59,80	50,00
59,82	50,00
59,85	50,00
59,87	50,00
59,90	50,00
59,92	50,00
59,95	50,00
59,97	50,00
59,99	50,00
