Voltage U1	Corriente IA
U1/V	IA/nA

0,02	0,03
0,04	0,02
0,07	0,01
0,09	0,01
0,12	0,00
0,14	0,00
0,17	0,00
0,19	0,00
0,21	0,02
0,24	0,02
0,26	0,02
0,29	0,02
0,31	0,02
0,34	0,02
0,36	0,02
0,39	0,00
0,41	0,00
0,43	0,00
0,46	0,00
0,48	0,00
0,51	0,00
0,53	0,01
0,56	0,01
0,58	0,01
0,61	0,01
0,63	0,01
0,65	0,01
0,68	0,01
0,70	0,00
0,73	0,00
0,75	0,00
0,78	0,00
0,80	0,01
0,83	0,01
0,85	0,01
0,87	0,02
0,90	0,03
0,92	0,03
0,95	0,04
0,97	0,04
1,00	0,04
1,02	0,03
1,05	0,02
1,07	0,02
1,09	0,02
1,12	0,00
1,14	0,00
1,17	0,00
1,19	0,00
1,22	0,00
1,24	0,00
1,26	0,00
1,29	0,00
1,31	0,00
1,34	0,02
1,36	0,02
1,39	0,02
1,41	0,02
1,44	0,02
1,46	0,02
1,48	0,02
1,51	0,00
1,53	0,00
1,56	0,00
1,58	0,00
1,61	0,00
1,63	0,00
1,66	0,00
1,68	0,02
1,70	0,02
1,73	0,02
1,75	0,02
1,78	0,02
1,80	0,02
1,83	0,02
1,85	0,00
1,88	0,00
1,90	0,00
1,92	0,00
1,95	0,00
1,97	0,00
2,00	0,00
2,02	0,00
2,05	0,00
2,07	0,01
2,10	0,01
2,12	0,01
2,14	0,01
2,17	0,01
2,19	0,01
2,22	0,01
2,24	0,00
2,27	0,00
2,29	0,00
2,31	0,00
2,34	0,01
2,36	0,01
2,39	0,02
2,41	0,02
2,44	0,02
2,46	0,02
2,49	0,02
2,51	0,02
2,53	0,02
2,56	0,01
2,58	0,01
2,61	0,01
2,63	0,01
2,66	0,00
2,68	0,00
2,71	0,00
2,73	0,01
2,75	0,01
2,78	0,01
2,80	0,01
2,83	0,02
2,85	0,02
2,88	0,03
2,90	0,03
2,93	0,03
2,95	0,03
2,97	0,02
3,00	0,01
3,02	0,01
3,05	0,00
3,07	0,01
3,10	0,01
3,12	0,02
3,15	0,03
3,17	0,04
3,19	0,04
3,22	0,04
3,24	0,03
3,27	0,03
3,29	0,03
3,32	0,01
3,34	0,00
3,36	0,00
3,39	0,00
3,41	0,00
3,44	0,00
3,46	0,01
3,49	0,01
3,51	0,01
3,54	0,01
3,56	0,01
3,58	0,01
3,61	0,01
3,63	0,00
3,66	0,00
3,68	0,00
3,71	0,00
3,73	0,00
3,76	0,00
3,78	0,00
3,80	0,00
3,83	0,00
3,85	0,00
3,88	0,02
3,90	0,02
3,93	0,02
3,95	0,02
3,98	0,02
4,00	0,02
4,02	0,02
4,05	0,01
4,07	0,01
4,10	0,00
4,12	0,00
4,15	0,00
4,17	0,00
4,20	0,00
4,22	0,00
4,24	0,00
4,27	0,03
4,29	0,03
4,32	0,03
4,34	0,03
4,37	0,03
4,39	0,03
4,42	0,03
4,44	0,01
4,46	0,01
4,49	0,00
4,51	0,00
4,54	0,01
4,56	0,01
4,59	0,01
4,61	0,02
4,63	0,02
4,66	0,02
4,68	0,02
4,71	0,02
4,73	0,02
4,76	0,02
4,78	0,01
4,81	0,01
4,83	0,01
4,85	0,01
4,88	0,01
4,90	0,02
4,93	0,01
4,95	0,03
4,98	0,02
5,00	0,05
5,03	0,05
5,05	0,05
5,07	0,04
5,10	0,04
5,12	0,03
5,15	0,04
5,17	0,01
5,20	0,01
5,22	0,01
5,25	0,01
5,27	0,02
5,29	0,02
5,32	0,01
5,34	0,02
5,37	0,02
5,39	0,02
5,42	0,02
5,44	0,02
5,47	0,02
5,49	0,02
5,51	0,01
5,54	0,03
5,56	0,03
5,59	0,03
5,61	0,03
5,64	0,03
5,66	0,03
5,68	0,03
5,71	0,01
5,73	0,04
5,76	0,05
5,78	0,04
5,81	0,06
5,83	0,06
5,86	0,08
5,88	0,09
5,90	0,09
5,93	0,08
5,95	0,07
5,98	0,06
6,00	0,09
6,03	0,08
6,05	0,09
6,08	0,09
6,10	0,11
6,12	0,11
6,15	0,12
6,17	0,10
6,20	0,11
6,22	0,10
6,25	0,10
6,27	0,09
6,30	0,09
6,32	0,08
6,34	0,11
6,37	0,09
6,39	0,11
6,42	0,09
6,44	0,11
6,47	0,14
6,49	0,16
6,52	0,14
6,54	0,16
6,56	0,14
6,59	0,16
6,61	0,15
6,64	0,15
6,66	0,14
6,69	0,15
6,71	0,14
6,73	0,18
6,76	0,16
6,78	0,17
6,81	0,17
6,83	0,20
6,86	0,20
6,88	0,22
6,91	0,21
6,93	0,24
6,95	0,24
6,98	0,26
7,00	0,27
7,03	0,26
7,05	0,25
7,08	0,25
7,10	0,25
7,13	0,27
7,15	0,27
7,17	0,25
7,20	0,29
7,22	0,30
7,25	0,31
7,27	0,32
7,30	0,31
7,32	0,31
7,35	0,32
7,37	0,29
7,39	0,32
7,42	0,31
7,44	0,31
7,47	0,32
7,49	0,33
7,52	0,35
7,54	0,38
7,57	0,36
7,59	0,39
7,61	0,41
7,64	0,42
7,66	0,42
7,69	0,44
7,71	0,42
7,74	0,46
7,76	0,44
7,78	0,44
7,81	0,44
7,83	0,44
7,86	0,46
7,88	0,47
7,91	0,45
7,93	0,50
7,96	0,50
7,98	0,52
8,00	0,53
8,03	0,51
8,05	0,51
8,08	0,52
8,10	0,50
8,13	0,51
8,15	0,48
8,18	0,49
8,20	0,51
8,22	0,50
8,25	0,51
8,27	0,52
8,30	0,51
8,32	0,53
8,35	0,52
8,37	0,52
8,40	0,52
8,42	0,52
8,44	0,50
8,47	0,53
8,49	0,51
8,52	0,53
8,54	0,53
8,57	0,54
8,59	0,54
8,62	0,56
8,64	0,55
8,66	0,59
8,69	0,58
8,71	0,58
8,74	0,58
8,76	0,60
8,79	0,60
8,81	0,60
8,84	0,57
8,86	0,58
8,88	0,56
8,91	0,57
8,93	0,57
8,96	0,58
8,98	0,59
9,01	0,60
9,03	0,60
9,05	0,61
9,08	0,62
9,10	0,62
9,13	0,63
9,15	0,62
9,18	0,61
9,20	0,62
9,23	0,62
9,25	0,61
9,27	0,62
9,30	0,61
9,32	0,63
9,35	0,62
9,37	0,63
9,40	0,65
9,42	0,66
9,45	0,64
9,47	0,64
9,49	0,63
9,52	0,64
9,54	0,64
9,57	0,64
9,59	0,64
9,62	0,64
9,64	0,63
9,67	0,66
9,69	0,66
9,71	0,67
9,74	0,67
9,76	0,70
9,79	0,70
9,81	0,73
9,84	0,72
9,86	0,72
9,89	0,71
9,91	0,71
9,93	0,70
9,96	0,70
9,98	0,68
10,01	0,70
10,03	0,70
10,06	0,72
10,08	0,71
10,10	0,72
10,13	0,72
10,15	0,73
10,18	0,73
10,20	0,75
10,23	0,73
10,25	0,75
10,28	0,75
10,30	0,77
10,32	0,77
10,35	0,77
10,37	0,77
10,40	0,79
10,42	0,79
10,45	0,80
10,47	0,79
10,50	0,81
10,52	0,83
10,54	0,85
10,57	0,83
10,59	0,84
10,62	0,86
10,64	0,87
10,67	0,89
10,69	0,88
10,72	0,89
10,74	0,90
10,76	0,91
10,79	0,91
10,81	0,93
10,84	0,91
10,86	0,94
10,89	0,93
10,91	0,95
10,94	0,96
10,96	0,97
10,98	0,97
11,01	1,00
11,03	0,99
11,06	1,03
11,08	1,03
11,11	1,05
11,13	1,06
11,15	1,07
11,18	1,07
11,20	1,10
11,23	1,09
11,25	1,12
11,28	1,13
11,30	1,15
11,33	1,15
11,35	1,19
11,37	1,19
11,40	1,25
11,42	1,26
11,45	1,29
11,47	1,29
11,50	1,33
11,52	1,35
11,55	1,39
11,57	1,38
11,59	1,43
11,62	1,42
11,64	1,47
11,67	1,46
11,69	1,49
11,72	1,48
11,74	1,52
11,77	1,52
11,79	1,57
11,81	1,55
11,84	1,57
11,86	1,59
11,89	1,63
11,91	1,62
11,94	1,65
11,96	1,65
11,99	1,70
12,01	1,73
12,03	1,75
12,06	1,75
12,08	1,77
12,11	1,78
12,13	1,83
12,16	1,84
12,18	1,86
12,21	1,87
12,23	1,87
12,25	1,90
12,28	1,90
12,30	1,88
12,33	1,90
12,35	1,89
12,38	1,90
12,40	1,90
12,42	1,90
12,45	1,91
12,47	1,93
12,50	1,93
12,52	1,95
12,55	1,95
12,57	1,96
12,60	1,99
12,62	1,99
12,64	2,00
12,67	2,01
12,69	2,02
12,72	2,02
12,74	2,03
12,77	2,01
12,79	2,02
12,82	2,01
12,84	2,01
12,86	2,03
12,89	2,06
12,91	2,06
12,94	2,08
12,96	2,06
12,99	2,07
13,01	2,06
13,04	2,05
13,06	2,03
13,08	2,02
13,11	2,00
13,13	2,02
13,16	2,01
13,18	2,01
13,21	1,97
13,23	1,99
13,26	1,98
13,28	1,97
13,30	1,93
13,33	1,95
13,35	1,93
13,38	1,94
13,40	1,91
13,43	1,92
13,45	1,92
13,47	1,93
13,50	1,88
13,52	1,90
13,55	1,87
13,57	1,86
13,60	1,87
13,62	1,87
13,65	1,86
13,67	1,88
13,69	1,86
13,72	1,88
13,74	1,88
13,77	1,87
13,79	1,85
13,82	1,84
13,84	1,82
13,87	1,83
13,89	1,81
13,91	1,80
13,94	1,77
13,96	1,78
13,99	1,78
14,01	1,77
14,04	1,75
14,06	1,77
14,09	1,75
14,11	1,75
14,13	1,75
14,16	1,74
14,18	1,75
14,21	1,75
14,23	1,72
14,26	1,73
14,28	1,73
14,31	1,73
14,33	1,74
14,35	1,73
14,38	1,73
14,40	1,73
14,43	1,74
14,45	1,75
14,48	1,73
14,50	1,71
14,52	1,73
14,55	1,72
14,57	1,77
14,60	1,76
14,62	1,75
14,65	1,77
14,67	1,77
14,70	1,77
14,72	1,79
14,74	1,75
14,77	1,76
14,79	1,79
14,82	1,80
14,84	1,81
14,87	1,83
14,89	1,85
14,92	1,87
14,94	1,87
14,96	1,87
14,99	1,87
15,01	1,88
15,04	1,88
15,06	1,91
15,09	1,91
15,11	1,96
15,14	1,97
15,16	2,00
15,18	2,01
15,21	2,05
15,23	2,04
15,26	2,07
15,28	2,06
15,31	2,09
15,33	2,12
15,36	2,14
15,38	2,15
15,40	2,18
15,43	2,18
15,45	2,23
15,48	2,23
15,50	2,26
15,53	2,31
15,55	2,36
15,57	2,40
15,60	2,45
15,62	2,47
15,65	2,51
15,67	2,55
15,70	2,56
15,72	2,59
15,75	2,61
15,77	2,63
15,79	2,68
15,82	2,72
15,84	2,76
15,87	2,80
15,89	2,83
15,92	2,89
15,94	2,94
15,97	2,98
15,99	3,03
16,01	3,07
16,04	3,10
16,06	3,14
16,09	3,14
16,11	3,19
16,14	3,21
16,16	3,27
16,19	3,32
16,21	3,37
16,23	3,41
16,26	3,51
16,28	3,56
16,31	3,63
16,33	3,68
16,36	3,74
16,38	3,79
16,41	3,87
16,43	3,88
16,45	3,95
16,48	3,97
16,50	4,01
16,53	4,08
16,55	4,14
16,58	4,16
16,60	4,25
16,63	4,29
16,65	4,40
16,67	4,44
16,70	4,46
16,72	4,50
16,75	4,56
16,77	4,57
16,80	4,63
16,82	4,63
16,84	4,69
16,87	4,73
16,89	4,79
16,92	4,83
16,94	4,87
16,97	4,90
16,99	4,97
17,02	4,99
17,04	5,03
17,06	5,05
17,09	5,09
17,11	5,12
17,14	5,15
17,16	5,13
17,19	5,17
17,21	5,17
17,24	5,18
17,26	5,20
17,28	5,22
17,31	5,22
17,33	5,23
17,36	5,22
17,38	5,25
17,41	5,23
17,43	5,21
17,46	5,19
17,48	5,17
17,50	5,16
17,53	5,15
17,55	5,11
17,58	5,10
17,60	5,07
17,63	5,04
17,65	5,03
17,68	5,01
17,70	4,97
17,72	4,98
17,75	4,94
17,77	4,93
17,80	4,91
17,82	4,88
17,85	4,84
17,87	4,80
17,89	4,74
17,92	4,70
17,94	4,63
17,97	4,60
17,99	4,55
18,02	4,50
18,04	4,45
18,07	4,39
18,09	4,34
18,11	4,33
18,14	4,30
18,16	4,24
18,19	4,22
18,21	4,15
18,24	4,12
18,26	4,08
18,29	4,03
18,31	3,97
18,33	3,94
18,36	3,89
18,38	3,88
18,41	3,84
18,43	3,80
18,46	3,78
18,48	3,74
18,51	3,69
18,53	3,66
18,55	3,61
18,58	3,58
18,60	3,54
18,63	3,49
18,65	3,46
18,68	3,44
18,70	3,40
18,73	3,39
18,75	3,34
18,77	3,33
18,80	3,29
18,82	3,27
18,85	3,27
18,87	3,26
18,90	3,23
18,92	3,22
18,94	3,18
18,97	3,17
18,99	3,14
19,02	3,10
19,04	3,07
19,07	3,05
19,09	3,04
19,12	3,05
19,14	3,03
19,16	3,04
19,19	3,04
19,21	3,05
19,24	3,05
19,26	3,05
19,29	3,04
19,31	3,05
19,34	3,05
19,36	3,04
19,38	3,05
19,41	3,06
19,43	3,07
19,46	3,08
19,48	3,10
19,51	3,12
19,53	3,14
19,56	3,14
19,58	3,18
19,60	3,18
19,63	3,22
19,65	3,23
19,68	3,23
19,70	3,25
19,73	3,29
19,75	3,29
19,78	3,34
19,80	3,34
19,82	3,40
19,85	3,47
19,87	3,51
19,90	3,53
19,92	3,60
19,95	3,63
19,97	3,70
19,99	3,72
20,02	3,76
20,04	3,80
20,07	3,87
20,09	3,88
20,12	3,96
20,14	3,98
20,17	4,04
20,19	4,08
20,21	4,13
20,24	4,15
20,26	4,21
20,29	4,24
20,31	4,36
20,34	4,40
20,36	4,47
20,39	4,54
20,41	4,62
20,43	4,68
20,46	4,76
20,48	4,80
20,51	4,89
20,53	4,94
20,56	5,01
20,58	5,09
20,61	5,18
20,63	5,24
20,65	5,32
20,68	5,37
20,70	5,48
20,73	5,56
20,75	5,64
20,78	5,71
20,80	5,80
20,83	5,89
20,85	5,99
20,87	6,06
20,90	6,14
20,92	6,23
20,95	6,31
20,97	6,39
21,00	6,48
21,02	6,57
21,05	6,70
21,07	6,81
21,09	6,91
21,12	7,03
21,14	7,10
21,17	7,21
21,19	7,32
21,22	7,42
21,24	7,50
21,26	7,58
21,29	7,67
21,31	7,82
21,34	7,91
21,36	8,01
21,39	8,10
21,41	8,22
21,44	8,33
21,46	8,45
21,48	8,53
21,51	8,66
21,53	8,75
21,56	8,87
21,58	8,94
21,61	9,02
21,63	9,10
21,66	9,18
21,68	9,25
21,70	9,33
21,73	9,39
21,75	9,48
21,78	9,58
21,80	9,67
21,83	9,72
21,85	9,79
21,88	9,83
21,90	9,87
21,92	9,91
21,95	9,92
21,97	9,94
22,00	9,95
22,02	9,95
22,05	9,99
22,07	10,00
22,10	10,02
22,12	10,03
22,14	10,02
22,17	10,03
22,19	10,03
22,22	9,98
22,24	9,96
22,27	9,90
22,29	9,88
22,31	9,85
22,34	9,80
22,36	9,73
22,39	9,70
22,41	9,64
22,44	9,60
22,46	9,52
22,49	9,44
22,51	9,40
22,53	9,32
22,56	9,23
22,58	9,16
22,61	9,05
22,63	8,97
22,66	8,87
22,68	8,76
22,71	8,67
22,73	8,57
22,75	8,46
22,78	8,38
22,80	8,27
22,83	8,16
22,85	8,05
22,88	7,94
22,90	7,83
22,93	7,73
22,95	7,60
22,97	7,50
23,00	7,40
23,02	7,32
23,05	7,23
23,07	7,11
23,10	7,01
23,12	6,92
23,15	6,80
23,17	6,69
23,19	6,59
23,22	6,46
23,24	6,38
23,27	6,28
23,29	6,18
23,32	6,10
23,34	6,01
23,36	5,93
23,39	5,86
23,41	5,79
23,44	5,72
23,46	5,64
23,49	5,57
23,51	5,51
23,54	5,45
23,56	5,39
23,58	5,35
23,61	5,30
23,63	5,27
23,66	5,20
23,68	5,16
23,71	5,10
23,73	5,08
23,76	5,00
23,78	4,96
23,80	4,92
23,83	4,90
23,85	4,85
23,88	4,84
23,90	4,81
23,93	4,80
23,95	4,77
23,98	4,79
24,00	4,78
24,02	4,79
24,05	4,78
24,07	4,78
24,10	4,77
24,12	4,79
24,15	4,77
24,17	4,79
24,20	4,78
24,22	4,81
24,24	4,83
24,27	4,86
24,29	4,88
24,32	4,93
24,34	4,96
24,37	5,03
24,39	5,05
24,42	5,09
24,44	5,12
24,46	5,15
24,49	5,20
24,51	5,25
24,54	5,29
24,56	5,35
24,59	5,42
24,61	5,47
24,63	5,55
24,66	5,61
24,68	5,68
24,71	5,76
24,73	5,82
24,76	5,88
24,78	5,97
24,81	6,03
24,83	6,11
24,85	6,16
24,88	6,25
24,90	6,34
24,93	6,42
24,95	6,52
24,98	6,65
25,00	6,73
25,03	6,86
25,05	6,97
25,07	7,06
25,10	7,15
25,12	7,24
25,15	7,29
25,17	7,41
25,20	7,49
25,22	7,58
25,25	7,70
25,27	7,83
25,29	7,93
25,32	8,06
25,34	8,17
25,37	8,30
25,39	8,42
25,42	8,50
25,44	8,62
25,47	8,74
25,49	8,86
25,51	8,99
25,54	9,10
25,56	9,22
25,59	9,36
25,61	9,49
25,64	9,63
25,66	9,75
25,68	9,89
25,71	10,05
25,73	10,20
25,76	10,36
25,78	10,50
25,81	10,63
25,83	10,77
25,86	10,90
25,88	11,02
25,90	11,16
25,93	11,29
25,95	11,45
25,98	11,64
26,00	11,81
26,03	11,98
26,05	12,15
26,08	12,32
26,10	12,50
26,12	12,64
26,15	12,76
26,17	12,91
26,20	13,04
26,22	13,18
26,25	13,32
26,27	13,46
26,30	13,63
26,32	13,80
26,34	13,95
26,37	14,14
26,39	14,27
26,42	14,44
26,44	14,58
26,47	14,70
26,49	14,81
26,52	14,94
26,54	15,04
26,56	15,16
26,59	15,25
26,61	15,36
26,64	15,47
26,66	15,59
26,69	15,67
26,71	15,77
26,73	15,84
26,76	15,94
26,78	15,98
26,81	16,05
26,83	16,10
26,86	16,14
26,88	16,15
26,91	16,21
26,93	16,18
26,95	16,20
26,98	16,18
27,00	16,17
27,03	16,16
27,05	16,16
27,08	16,09
27,10	16,09
27,13	16,02
27,15	15,98
27,17	15,92
27,20	15,87
27,22	15,76
27,25	15,72
27,27	15,60
27,30	15,54
27,32	15,42
27,35	15,30
27,37	15,16
27,39	15,04
27,42	14,87
27,44	14,78
27,47	14,61
27,49	14,49
27,52	14,36
27,54	14,23
27,57	14,09
27,59	13,96
27,61	13,77
27,64	13,63
27,66	13,42
27,69	13,23
27,71	13,03
27,74	12,84
27,76	12,64
27,78	12,46
27,81	12,25
27,83	12,09
27,86	11,90
27,88	11,74
27,91	11,59
27,93	11,42
27,96	11,24
27,98	11,08
28,00	10,90
28,03	10,73
28,05	10,55
28,08	10,36
28,10	10,17
28,13	10,00
28,15	9,83
28,18	9,69
28,20	9,52
28,22	9,39
28,25	9,27
28,27	9,14
28,30	9,03
28,32	8,90
28,35	8,77
28,37	8,67
28,40	8,53
28,42	8,40
28,44	8,31
28,47	8,19
28,49	8,14
28,52	8,04
28,54	7,96
28,57	7,90
28,59	7,84
28,62	7,77
28,64	7,74
28,66	7,65
28,69	7,63
28,71	7,57
28,74	7,53
28,76	7,48
28,79	7,47
28,81	7,39
28,84	7,38
28,86	7,34
28,88	7,34
28,91	7,32
28,93	7,33
28,96	7,31
28,98	7,34
29,01	7,33
29,03	7,38
29,05	7,38
29,08	7,40
29,10	7,42
29,13	7,45
29,15	7,48
29,18	7,54
29,20	7,55
29,23	7,61
29,25	7,67
29,27	7,73
29,30	7,80
29,32	7,87
29,35	7,92
29,37	8,02
29,40	8,08
29,42	8,16
29,45	8,24
29,47	8,33
29,49	8,43
29,52	8,52
29,54	8,59
29,57	8,71
29,59	8,80
29,62	8,88
29,64	9,00
29,67	9,09
29,69	9,20
29,71	9,30
29,74	9,40
29,76	9,53
29,79	9,67
29,81	9,76
29,84	9,90
29,86	10,01
29,89	10,18
29,91	10,33
29,93	10,49
29,96	10,61
29,98	10,75
30,01	10,87
30,03	11,05
30,06	11,15
30,08	11,30
30,10	11,44
30,13	11,62
30,15	11,77
30,18	11,95
30,20	12,11
30,23	12,30
30,25	12,46
30,28	12,61
30,30	12,76
30,32	12,94
30,35	13,09
30,37	13,29
30,40	13,45
30,42	13,65
30,45	13,83
30,47	14,01
30,50	14,22
30,52	14,43
30,54	14,59
30,57	14,82
30,59	15,00
30,62	15,21
30,64	15,43
30,67	15,61
30,69	15,80
30,72	15,99
30,74	16,16
30,76	16,37
30,79	16,55
30,81	16,74
30,84	16,99
30,86	17,22
30,89	17,45
30,91	17,68
30,94	17,90
30,96	18,14
30,98	18,37
31,01	18,53
31,03	18,72
31,06	18,91
31,08	19,09
31,11	19,30
31,13	19,50
31,15	19,69
31,18	19,93
31,20	20,14
31,23	20,39
31,25	20,61
31,28	20,81
31,30	21,02
31,33	21,21
31,35	21,39
31,37	21,56
31,40	21,70
31,42	21,88
31,45	22,04
31,47	22,20
31,50	22,37
31,52	22,55
31,55	22,72
31,57	22,92
31,59	23,05
31,62	23,19
31,64	23,29
31,67	23,39
31,69	23,46
31,72	23,54
31,74	23,57
31,77	23,62
31,79	23,63
31,81	23,67
31,84	23,70
31,86	23,73
31,89	23,73
31,91	23,73
31,94	23,69
31,96	23,70
31,99	23,65
32,01	23,60
32,03	23,53
32,06	23,47
32,08	23,39
32,11	23,34
32,13	23,22
32,16	23,16
32,18	23,07
32,20	22,98
32,23	22,86
32,25	22,72
32,28	22,56
32,30	22,44
32,33	22,27
32,35	22,10
32,38	21,90
32,40	21,75
32,42	21,58
32,45	21,44
32,47	21,20
32,50	21,01
32,52	20,78
32,55	20,62
32,57	20,37
32,60	20,15
32,62	19,88
32,64	19,66
32,67	19,39
32,69	19,19
32,72	18,90
32,74	18,69
32,77	18,44
32,79	18,22
32,82	17,98
32,84	17,79
32,86	17,52
32,89	17,31
32,91	17,03
32,94	16,77
32,96	16,52
32,99	16,27
33,01	15,98
33,04	15,74
33,06	15,49
33,08	15,27
33,11	15,07
33,13	14,87
33,16	14,66
33,18	14,48
33,21	14,28
33,23	14,12
33,26	13,93
33,28	13,73
33,30	13,55
33,33	13,38
33,35	13,21
33,38	13,06
33,40	12,90
33,43	12,79
33,45	12,68
33,47	12,56
33,50	12,44
33,52	12,30
33,55	12,21
33,57	12,10
33,60	12,01
33,62	11,90
33,65	11,82
33,67	11,73
33,69	11,73
33,72	11,66
33,74	11,64
33,77	11,59
33,79	11,56
33,82	11,53
33,84	11,52
33,87	11,46
33,89	11,48
33,91	11,44
33,94	11,43
33,96	11,44
33,99	11,46
34,01	11,47
34,04	11,51
34,06	11,53
34,09	11,60
34,11	11,64
34,13	11,69
34,16	11,76
34,18	11,82
34,21	11,88
34,23	11,95
34,26	11,98
34,28	12,06
34,31	12,15
34,33	12,24
34,35	12,33
34,38	12,43
34,40	12,53
34,43	12,69
34,45	12,82
34,48	12,93
34,50	13,04
34,52	13,17
34,55	13,29
34,57	13,42
34,60	13,53
34,62	13,66
34,65	13,81
34,67	13,98
34,70	14,15
34,72	14,31
34,74	14,49
34,77	14,70
34,79	14,88
34,82	15,08
34,84	15,24
34,87	15,41
34,89	15,63
34,92	15,75
34,94	15,93
34,96	16,11
34,99	16,28
35,01	16,50
35,04	16,71
35,06	16,89
35,09	17,19
35,11	17,38
35,14	17,63
35,16	17,87
35,18	18,07
35,21	18,27
35,23	18,50
35,26	18,68
35,28	18,92
35,31	19,10
35,33	19,32
35,36	19,56
35,38	19,83
35,40	20,05
35,43	20,35
35,45	20,58
35,48	20,86
35,50	21,11
35,53	21,38
35,55	21,57
35,57	21,84
35,60	22,05
35,62	22,34
35,65	22,58
35,67	22,82
35,70	23,08
35,72	23,36
35,75	23,66
35,77	23,94
35,79	24,21
35,82	24,49
35,84	24,76
35,87	25,03
35,89	25,34
35,92	25,57
35,94	25,82
35,97	26,06
35,99	26,31
36,01	26,59
36,04	26,86
36,06	27,12
36,09	27,42
36,11	27,69
36,14	27,97
36,16	28,26
36,19	28,51
36,21	28,78
36,23	29,02
36,26	29,25
36,28	29,47
36,31	29,69
36,33	29,89
36,36	30,13
36,38	30,34
36,41	30,57
36,43	30,80
36,45	31,00
36,48	31,23
36,50	31,42
36,53	31,60
36,55	31,78
36,58	31,92
36,60	32,04
36,62	32,21
36,65	32,32
36,67	32,43
36,70	32,50
36,72	32,58
36,75	32,66
36,77	32,76
36,80	32,79
36,82	32,83
36,84	32,86
36,87	32,90
36,89	32,92
36,92	32,89
36,94	32,88
36,97	32,88
36,99	32,84
37,02	32,83
37,04	32,78
37,06	32,69
37,09	32,65
37,11	32,55
37,14	32,44
37,16	32,36
37,19	32,16
37,21	32,01
37,24	31,87
37,26	31,73
37,28	31,61
37,31	31,47
37,33	31,28
37,36	31,19
37,38	31,05
37,41	30,88
37,43	30,66
37,46	30,41
37,48	30,14
37,50	29,92
37,53	29,63
37,55	29,36
37,58	29,07
37,60	28,82
37,63	28,59
37,65	28,37
37,68	28,08
37,70	27,84
37,72	27,55
37,75	27,33
37,77	27,04
37,80	26,74
37,82	26,40
37,85	26,11
37,87	25,79
37,89	25,51
37,92	25,16
37,94	24,86
37,97	24,52
37,99	24,27
38,02	24,01
38,04	23,73
38,07	23,45
38,09	23,19
38,11	22,91
38,14	22,66
38,16	22,36
38,19	22,06
38,21	21,79
38,24	21,49
38,26	21,20
38,29	20,95
38,31	20,70
38,33	20,49
38,36	20,28
38,38	20,06
38,41	19,87
38,43	19,71
38,46	19,52
38,48	19,37
38,51	19,20
38,53	19,03
38,55	18,87
38,58	18,73
38,60	18,58
38,63	18,44
38,65	18,31
38,68	18,19
38,70	18,08
38,73	18,01
38,75	17,93
38,77	17,85
38,80	17,79
38,82	17,77
38,85	17,71
38,87	17,67
38,90	17,63
38,92	17,59
38,94	17,60
38,97	17,59
38,99	17,56
39,02	17,56
39,04	17,59
39,07	17,59
39,09	17,63
39,12	17,66
39,14	17,73
39,16	17,76
39,19	17,84
39,21	17,91
39,24	18,02
39,26	18,09
39,29	18,19
39,31	18,26
39,34	18,37
39,36	18,47
39,38	18,55
39,41	18,65
39,43	18,76
39,46	18,86
39,48	18,99
39,51	19,10
39,53	19,24
39,56	19,42
39,58	19,58
39,60	19,76
39,63	19,96
39,65	20,15
39,68	20,35
39,70	20,54
39,73	20,70
39,75	20,88
39,78	21,07
39,80	21,25
39,82	21,46
39,85	21,67
39,87	21,90
39,90	22,15
39,92	22,38
39,95	22,62
39,97	22,87
39,99	23,09
40,02	23,37
40,04	23,62
40,07	23,81
40,09	24,05
40,12	24,27
40,14	24,51
40,17	24,76
40,19	24,99
40,21	25,21
40,24	25,52
40,26	25,79
40,29	26,12
40,31	26,40
40,34	26,71
40,36	27,04
40,39	27,39
40,41	27,68
40,43	27,99
40,46	28,21
40,48	28,54
40,51	28,82
40,53	29,09
40,56	29,38
40,58	29,69
40,61	30,02
40,63	30,38
40,65	30,66
40,68	31,02
40,70	31,37
40,73	31,69
40,75	32,02
40,78	32,31
40,80	32,61
40,83	32,96
40,85	33,25
40,87	33,55
40,90	33,87
40,92	34,19
40,95	34,57
40,97	34,90
41,00	35,24
41,02	35,60
41,05	35,95
41,07	36,30
41,09	36,65
41,12	36,92
41,14	37,23
41,17	37,52
41,19	37,77
41,22	38,05
41,24	38,32
41,26	38,56
41,29	38,89
41,31	39,20
41,34	39,48
41,36	39,79
41,39	40,06
41,41	40,34
41,44	40,65
41,46	40,89
41,48	41,11
41,51	41,32
41,53	41,52
41,56	41,71
41,58	41,88
41,61	42,02
41,63	42,17
41,66	42,34
41,68	42,53
41,70	42,69
41,73	42,84
41,75	42,99
41,78	43,16
41,80	43,24
41,83	43,36
41,85	43,42
41,88	43,52
41,90	43,59
41,92	43,65
41,95	43,67
41,97	43,76
42,00	43,79
42,02	43,81
42,05	43,81
42,07	43,81
42,10	43,78
42,12	43,76
42,14	43,71
42,17	43,66
42,19	43,58
42,22	43,52
42,24	43,40
42,27	43,32
42,29	43,23
42,31	43,10
42,34	42,95
42,36	42,81
42,39	42,62
42,41	42,48
42,44	42,29
42,46	42,10
42,49	41,88
42,51	41,72
42,53	41,52
42,56	41,35
42,58	41,12
42,61	40,96
42,63	40,71
42,66	40,52
42,68	40,24
42,71	40,02
42,73	39,74
42,75	39,52
42,78	39,21
42,80	38,95
42,83	38,63
42,85	38,38
42,88	38,12
42,90	37,85
42,93	37,55
42,95	37,29
42,97	36,99
43,00	36,72
43,02	36,42
43,05	36,11
43,07	35,79
43,10	35,47
43,12	35,15
43,15	34,85
43,17	34,53
43,19	34,24
43,22	33,97
43,24	33,71
43,27	33,44
43,29	33,19
43,32	32,93
43,34	32,68
43,36	32,42
43,39	32,14
43,41	31,87
43,44	31,61
43,46	31,34
43,49	31,13
43,51	30,88
43,54	30,66
43,56	30,43
43,58	30,25
43,61	30,09
43,63	29,92
43,66	29,72
43,68	29,59
43,71	29,45
43,73	29,32
43,76	29,15
43,78	29,01
43,80	28,90
43,83	28,76
43,85	28,65
43,88	28,55
43,90	28,46
43,93	28,38
43,95	28,33
43,98	28,26
44,00	28,24
44,02	28,20
44,05	28,18
44,07	28,13
44,10	28,13
44,12	28,11
44,15	28,12
44,17	28,12
44,20	28,15
44,22	28,18
44,24	28,22
44,27	28,25
44,29	28,29
44,32	28,33
44,34	28,41
44,37	28,47
44,39	28,53
44,41	28,62
44,44	28,72
44,46	28,85
44,49	29,00
44,51	29,11
44,54	29,28
44,56	29,44
44,59	29,60
44,61	29,77
44,63	29,92
44,66	30,07
44,68	30,27
44,71	30,44
44,73	30,63
44,76	30,84
44,78	31,06
44,81	31,31
44,83	31,55
44,85	31,80
44,88	32,06
44,90	32,32
44,93	32,58
44,95	32,85
44,98	33,07
45,00	33,32
45,03	33,55
45,05	33,80
45,07	34,08
45,10	34,37
45,12	34,64
45,15	34,97
45,17	35,27
45,20	35,63
45,22	35,98
45,25	36,34
45,27	36,66
45,29	37,04
45,32	37,33
45,34	37,69
45,37	37,96
45,39	38,28
45,42	38,59
45,44	38,95
45,47	39,26
45,49	39,66
45,51	40,01
45,54	40,46
45,56	40,85
45,59	41,28
45,61	41,68
45,64	42,10
45,66	42,42
45,68	42,81
45,71	43,17
45,73	43,57
45,76	43,91
45,78	44,25
45,81	44,58
45,83	45,03
45,86	45,47
45,88	45,88
45,90	46,30
45,93	46,69
45,95	47,14
45,98	47,58
46,00	47,97
46,03	48,32
46,05	48,71
46,08	49,04
46,10	49,34
46,12	49,56
46,15	49,74
46,17	49,89
46,20	49,98
46,22	50,00
46,25	50,00
46,27	50,00
46,30	50,00
46,32	50,00
46,34	50,00
46,37	50,00
46,39	50,00
46,42	50,00
46,44	50,00
46,47	50,00
46,49	50,00
46,52	50,00
46,54	50,00
46,56	50,00
46,59	50,00
46,61	50,00
46,64	50,00
46,66	50,00
46,69	50,00
46,71	50,00
46,73	50,00
46,76	50,00
46,78	50,00
46,81	50,00
46,83	50,00
46,86	50,00
46,88	50,00
46,91	50,00
46,93	50,00
46,95	50,00
46,98	50,00
47,00	50,00
47,03	50,00
47,05	50,00
47,08	50,00
47,10	50,00
47,13	50,00
47,15	50,00
47,17	50,00
47,20	50,00
47,22	50,00
47,25	50,00
47,27	50,00
47,30	50,00
47,32	50,00
47,35	50,00
47,37	50,00
47,39	50,00
47,42	50,00
47,44	50,00
47,47	50,00
47,49	50,00
47,52	50,00
47,54	50,00
47,57	50,00
47,59	50,00
47,61	50,00
47,64	50,00
47,66	50,00
47,69	50,00
47,71	50,00
47,74	50,00
47,76	50,00
47,78	50,00
47,81	50,00
47,83	50,00
47,86	50,00
47,88	50,00
47,91	50,00
47,93	50,00
47,96	50,00
47,98	50,00
48,00	50,00
48,03	50,00
48,05	50,00
48,08	50,00
48,10	50,00
48,13	50,00
48,15	50,00
48,18	50,00
48,20	50,00
48,22	50,00
48,25	50,00
48,27	50,00
48,30	50,00
48,32	50,00
48,35	50,00
48,37	50,00
48,40	50,00
48,42	50,00
48,44	50,00
48,47	50,00
48,49	50,00
48,52	50,00
48,54	50,00
48,57	50,00
48,59	50,00
48,62	50,00
48,64	50,00
48,66	50,00
48,69	50,00
48,71	50,00
48,74	50,00
48,76	50,00
48,79	50,00
48,81	50,00
48,84	50,00
48,86	50,00
48,88	50,00
48,91	50,00
48,93	50,00
48,96	50,00
48,98	50,00
49,01	50,00
49,03	50,00
49,05	50,00
49,08	50,00
49,10	50,00
49,13	50,00
49,15	50,00
49,18	50,00
49,20	50,00
49,23	50,00
49,25	50,00
49,27	50,00
49,30	50,00
49,32	50,00
49,35	50,00
49,37	50,00
49,40	50,00
49,42	50,00
49,45	50,00
49,47	50,00
49,49	50,00
49,52	50,00
49,54	50,00
49,57	50,00
49,59	50,00
49,62	50,00
49,64	50,00
49,67	50,00
49,69	50,00
49,71	50,00
49,74	50,00
49,76	50,00
49,79	50,00
49,81	50,00
49,84	50,00
49,86	50,00
49,89	50,00
49,91	50,00
49,93	50,00
49,96	50,00
49,98	50,00
50,01	50,00
50,03	50,00
50,06	50,00
50,08	50,00
50,10	50,00
50,13	50,00
50,15	50,00
50,18	50,00
50,20	50,00
50,23	50,00
50,25	50,00
50,28	50,00
50,30	50,00
50,32	50,00
50,35	50,00
50,37	50,00
50,40	50,00
50,42	50,00
50,45	50,00
50,47	50,00
50,50	50,00
50,52	50,00
50,54	50,00
50,57	50,00
50,59	50,00
50,62	50,00
50,64	50,00
50,67	50,00
50,69	50,00
50,72	50,00
50,74	50,00
50,76	50,00
50,79	50,00
50,81	50,00
50,84	50,00
50,86	50,00
50,89	50,00
50,91	50,00
50,94	50,00
50,96	50,00
50,98	50,00
51,01	50,00
51,03	50,00
51,06	50,00
51,08	50,00
51,11	50,00
51,13	50,00
51,15	50,00
51,18	50,00
51,20	50,00
51,23	50,00
51,25	50,00
51,28	50,00
51,30	50,00
51,33	50,00
51,35	50,00
51,37	50,00
51,40	50,00
51,42	50,00
51,45	50,00
51,47	50,00
51,50	50,00
51,52	50,00
51,55	50,00
51,57	50,00
51,59	50,00
51,62	50,00
51,64	50,00
51,67	50,00
51,69	50,00
51,72	50,00
51,74	50,00
51,77	50,00
51,79	50,00
51,81	50,00
51,84	50,00
51,86	50,00
51,89	50,00
51,91	50,00
51,94	50,00
51,96	50,00
51,99	50,00
52,01	50,00
52,03	50,00
52,06	50,00
52,08	50,00
52,11	50,00
52,13	50,00
52,16	50,00
52,18	50,00
52,20	50,00
52,23	50,00
52,25	50,00
52,28	50,00
52,30	50,00
52,33	50,00
52,35	50,00
52,38	50,00
52,40	50,00
52,42	50,00
52,45	50,00
52,47	50,00
52,50	50,00
52,52	50,00
52,55	50,00
52,57	50,00
52,60	50,00
52,62	50,00
52,64	50,00
52,67	50,00
52,69	50,00
52,72	50,00
52,74	50,00
52,77	50,00
52,79	50,00
52,82	50,00
52,84	50,00
52,86	50,00
52,89	50,00
52,91	50,00
52,94	50,00
52,96	50,00
52,99	50,00
53,01	50,00
53,04	50,00
53,06	50,00
53,08	50,00
53,11	50,00
53,13	50,00
53,16	50,00
53,18	50,00
53,21	50,00
53,23	50,00
53,26	50,00
53,28	50,00
53,30	50,00
53,33	50,00
53,35	50,00
53,38	50,00
53,40	50,00
53,43	50,00
53,45	50,00
53,47	50,00
53,50	50,00
53,52	50,00
53,55	50,00
53,57	50,00
53,60	50,00
53,62	50,00
53,65	50,00
53,67	50,00
53,69	50,00
53,72	50,00
53,74	50,00
53,77	50,00
53,79	50,00
53,82	50,00
53,84	50,00
53,87	50,00
53,89	50,00
53,91	50,00
53,94	50,00
53,96	50,00
53,99	50,00
54,01	50,00
54,04	50,00
54,06	50,00
54,09	50,00
54,11	50,00
54,13	50,00
54,16	50,00
54,18	50,00
54,21	50,00
54,23	50,00
54,26	50,00
54,28	50,00
54,31	50,00
54,33	50,00
54,35	50,00
54,38	50,00
54,40	50,00
54,43	50,00
54,45	50,00
54,48	50,00
54,50	50,00
54,52	50,00
54,55	50,00
54,57	50,00
54,60	50,00
54,62	50,00
54,65	50,00
54,67	50,00
54,70	50,00
54,72	50,00
54,74	50,00
54,77	50,00
54,79	50,00
54,82	50,00
54,84	50,00
54,87	50,00
54,89	50,00
54,92	50,00
54,94	50,00
54,96	50,00
54,99	50,00
55,01	50,00
55,04	50,00
55,06	50,00
55,09	50,00
55,11	50,00
55,14	50,00
55,16	50,00
55,18	50,00
55,21	50,00
55,23	50,00
55,26	50,00
55,28	50,00
55,31	50,00
55,33	50,00
55,36	50,00
55,38	50,00
55,40	50,00
55,43	50,00
55,45	50,00
55,48	50,00
55,50	50,00
55,53	50,00
55,55	50,00
55,57	50,00
55,60	50,00
55,62	50,00
55,65	50,00
55,67	50,00
55,70	50,00
55,72	50,00
55,75	50,00
55,77	50,00
55,79	50,00
55,82	50,00
55,84	50,00
55,87	50,00
55,89	50,00
55,92	50,00
55,94	50,00
55,97	50,00
55,99	50,00
56,01	50,00
56,04	50,00
56,06	50,00
56,09	50,00
56,11	50,00
56,14	50,00
56,16	50,00
56,19	50,00
56,21	50,00
56,23	50,00
56,26	50,00
56,28	50,00
56,31	50,00
56,33	50,00
56,36	50,00
56,38	50,00
56,41	50,00
56,43	50,00
56,45	50,00
56,48	50,00
56,50	50,00
56,53	50,00
56,55	50,00
56,58	50,00
56,60	50,00
56,62	50,00
56,65	50,00
56,67	50,00
56,70	50,00
56,72	50,00
56,75	50,00
56,77	50,00
56,80	50,00
56,82	50,00
56,84	50,00
56,87	50,00
56,89	50,00
56,92	50,00
56,94	50,00
56,97	50,00
56,99	50,00
57,02	50,00
57,04	50,00
57,06	50,00
57,09	50,00
57,11	50,00
57,14	50,00
57,16	50,00
57,19	50,00
57,21	50,00
57,24	50,00
57,26	50,00
57,28	50,00
57,31	50,00
57,33	50,00
57,36	50,00
57,38	50,00
57,41	50,00
57,43	50,00
57,46	50,00
57,48	50,00
57,50	50,00
57,53	50,00
57,55	50,00
57,58	50,00
57,60	50,00
57,63	50,00
57,65	50,00
57,68	50,00
57,70	50,00
57,72	50,00
57,75	50,00
57,77	50,00
57,80	50,00
57,82	50,00
57,85	50,00
57,87	50,00
57,89	50,00
57,92	50,00
57,94	50,00
57,97	50,00
57,99	50,00
58,02	50,00
58,04	50,00
58,07	50,00
58,09	50,00
58,11	50,00
58,14	50,00
58,16	50,00
58,19	50,00
58,21	50,00
58,24	50,00
58,26	50,00
58,29	50,00
58,31	50,00
58,33	50,00
58,36	50,00
58,38	50,00
58,41	50,00
58,43	50,00
58,46	50,00
58,48	50,00
58,51	50,00
58,53	50,00
58,55	50,00
58,58	50,00
58,60	50,00
58,63	50,00
58,65	50,00
58,68	50,00
58,70	50,00
58,73	50,00
58,75	50,00
58,77	50,00
58,80	50,00
58,82	50,00
58,85	50,00
58,87	50,00
58,90	50,00
58,92	50,00
58,94	50,00
58,97	50,00
58,99	50,00
59,02	50,00
59,04	50,00
59,07	50,00
59,09	50,00
59,12	50,00
59,14	50,00
59,16	50,00
59,19	50,00
59,21	50,00
59,24	50,00
59,26	50,00
59,29	50,00
59,31	50,00
59,34	50,00
59,36	50,00
59,38	50,00
59,41	50,00
59,43	50,00
59,46	50,00
59,48	50,00
59,51	50,00
59,53	50,00
59,56	50,00
59,58	50,00
59,60	50,00
59,63	50,00
59,65	50,00
59,68	50,00
59,70	50,00
59,73	50,00
59,75	50,00
59,78	50,00
59,80	50,00
59,82	50,00
59,85	50,00
59,87	50,00
59,90	50,00
59,92	50,00
59,95	50,00
59,97	50,00
59,99	50,00
