Voltage U1	Corriente IA
U1/V	IA/nA

0,02	0,01
0,04	0,02
0,07	0,02
0,09	0,02
0,12	0,02
0,14	0,02
0,17	0,02
0,19	0,04
0,21	0,04
0,24	0,04
0,26	0,04
0,29	0,04
0,31	0,03
0,34	0,03
0,36	0,00
0,39	0,03
0,41	0,02
0,43	0,04
0,46	0,05
0,48	0,05
0,51	0,05
0,53	0,05
0,56	0,04
0,58	0,04
0,61	0,01
0,63	0,01
0,65	0,03
0,68	0,04
0,70	0,04
0,73	0,04
0,75	0,04
0,78	0,05
0,80	0,05
0,83	0,04
0,85	0,03
0,87	0,04
0,90	0,03
0,92	0,05
0,95	0,04
0,97	0,04
1,00	0,04
1,02	0,04
1,05	0,03
1,07	0,04
1,09	0,02
1,12	0,04
1,14	0,04
1,17	0,04
1,19	0,04
1,22	0,04
1,24	0,03
1,26	0,03
1,29	0,01
1,31	0,02
1,34	0,02
1,36	0,02
1,39	0,03
1,41	0,03
1,44	0,04
1,46	0,04
1,48	0,03
1,51	0,03
1,53	0,03
1,56	0,03
1,58	0,04
1,61	0,03
1,63	0,04
1,66	0,05
1,68	0,04
1,70	0,05
1,73	0,05
1,75	0,04
1,78	0,04
1,80	0,03
1,83	0,02
1,85	0,02
1,88	0,02
1,90	0,01
1,92	0,02
1,95	0,02
1,97	0,03
2,00	0,02
2,02	0,04
2,05	0,04
2,07	0,04
2,10	0,03
2,12	0,04
2,14	0,04
2,17	0,04
2,19	0,02
2,22	0,02
2,24	0,02
2,27	0,02
2,29	0,01
2,31	0,02
2,34	0,01
2,36	0,02
2,39	0,02
2,41	0,03
2,44	0,03
2,46	0,04
2,49	0,03
2,51	0,04
2,53	0,04
2,56	0,05
2,58	0,05
2,61	0,05
2,63	0,04
2,66	0,05
2,68	0,04
2,71	0,04
2,73	0,02
2,75	0,02
2,78	0,02
2,80	0,02
2,83	0,01
2,85	0,03
2,88	0,02
2,90	0,02
2,93	0,02
2,95	0,03
2,97	0,04
3,00	0,04
3,02	0,02
3,05	0,02
3,07	0,02
3,10	0,03
3,12	0,04
3,15	0,03
3,17	0,04
3,19	0,04
3,22	0,05
3,24	0,05
3,27	0,05
3,29	0,03
3,32	0,04
3,34	0,03
3,36	0,03
3,39	0,04
3,41	0,04
3,44	0,04
3,46	0,04
3,49	0,04
3,51	0,05
3,54	0,05
3,56	0,05
3,58	0,04
3,61	0,04
3,63	0,04
3,66	0,03
3,68	0,03
3,71	0,03
3,73	0,02
3,76	0,03
3,78	0,03
3,80	0,04
3,83	0,04
3,85	0,06
3,88	0,05
3,90	0,07
3,93	0,06
3,95	0,06
3,98	0,05
4,00	0,06
4,02	0,04
4,05	0,05
4,07	0,04
4,10	0,06
4,12	0,04
4,15	0,05
4,17	0,04
4,20	0,04
4,22	0,03
4,24	0,04
4,27	0,02
4,29	0,03
4,32	0,04
4,34	0,04
4,37	0,04
4,39	0,05
4,42	0,04
4,44	0,05
4,46	0,05
4,49	0,04
4,51	0,04
4,54	0,05
4,56	0,04
4,59	0,06
4,61	0,05
4,63	0,05
4,66	0,04
4,68	0,05
4,71	0,06
4,73	0,07
4,76	0,05
4,78	0,06
4,81	0,06
4,83	0,05
4,85	0,06
4,88	0,04
4,90	0,04
4,93	0,04
4,95	0,05
4,98	0,05
5,00	0,05
5,03	0,04
5,05	0,06
5,07	0,06
5,10	0,07
5,12	0,05
5,15	0,07
5,17	0,07
5,20	0,07
5,22	0,05
5,25	0,06
5,27	0,06
5,29	0,07
5,32	0,08
5,34	0,09
5,37	0,10
5,39	0,11
5,42	0,11
5,44	0,14
5,47	0,13
5,49	0,11
5,51	0,10
5,54	0,10
5,56	0,09
5,59	0,09
5,61	0,06
5,64	0,08
5,66	0,07
5,68	0,10
5,71	0,10
5,73	0,12
5,76	0,11
5,78	0,14
5,81	0,13
5,83	0,16
5,86	0,15
5,88	0,16
5,90	0,16
5,93	0,18
5,95	0,16
5,98	0,18
6,00	0,16
6,03	0,16
6,05	0,18
6,08	0,18
6,10	0,16
6,12	0,16
6,15	0,16
6,17	0,19
6,20	0,19
6,22	0,17
6,25	0,18
6,27	0,18
6,30	0,18
6,32	0,19
6,34	0,18
6,37	0,18
6,39	0,19
6,42	0,18
6,44	0,21
6,47	0,20
6,49	0,21
6,52	0,22
6,54	0,24
6,56	0,24
6,59	0,27
6,61	0,26
6,64	0,28
6,66	0,27
6,69	0,27
6,71	0,26
6,73	0,28
6,76	0,26
6,78	0,29
6,81	0,28
6,83	0,31
6,86	0,30
6,88	0,31
6,91	0,31
6,93	0,34
6,95	0,32
6,98	0,35
7,00	0,32
7,03	0,35
7,05	0,34
7,08	0,36
7,10	0,34
7,13	0,36
7,15	0,34
7,17	0,36
7,20	0,35
7,22	0,38
7,25	0,37
7,27	0,40
7,30	0,40
7,32	0,43
7,35	0,43
7,37	0,45
7,39	0,44
7,42	0,46
7,44	0,44
7,47	0,45
7,49	0,44
7,52	0,48
7,54	0,47
7,57	0,50
7,59	0,48
7,61	0,50
7,64	0,51
7,66	0,52
7,69	0,49
7,71	0,51
7,74	0,49
7,76	0,51
7,78	0,51
7,81	0,51
7,83	0,52
7,86	0,52
7,88	0,53
7,91	0,55
7,93	0,54
7,96	0,54
7,98	0,56
8,00	0,58
8,03	0,58
8,05	0,57
8,08	0,57
8,10	0,58
8,13	0,60
8,15	0,58
8,18	0,59
8,20	0,58
8,22	0,59
8,25	0,60
8,27	0,61
8,30	0,60
8,32	0,61
8,35	0,60
8,37	0,63
8,40	0,62
8,42	0,61
8,44	0,62
8,47	0,61
8,49	0,60
8,52	0,62
8,54	0,61
8,57	0,62
8,59	0,62
8,62	0,62
8,64	0,63
8,66	0,63
8,69	0,62
8,71	0,64
8,74	0,62
8,76	0,64
8,79	0,65
8,81	0,65
8,84	0,67
8,86	0,69
8,88	0,67
8,91	0,69
8,93	0,67
8,96	0,68
8,98	0,70
9,01	0,70
9,03	0,69
9,05	0,71
9,08	0,70
9,10	0,74
9,13	0,74
9,15	0,73
9,18	0,73
9,20	0,72
9,23	0,70
9,25	0,71
9,27	0,67
9,30	0,69
9,32	0,68
9,35	0,68
9,37	0,68
9,40	0,69
9,42	0,70
9,45	0,73
9,47	0,72
9,49	0,73
9,52	0,75
9,54	0,75
9,57	0,77
9,59	0,76
9,62	0,74
9,64	0,75
9,67	0,75
9,69	0,74
9,71	0,77
9,74	0,77
9,76	0,78
9,79	0,79
9,81	0,79
9,84	0,80
9,86	0,81
9,89	0,78
9,91	0,79
9,93	0,77
9,96	0,78
9,98	0,78
10,01	0,79
10,03	0,80
10,06	0,81
10,08	0,80
10,10	0,82
10,13	0,80
10,15	0,80
10,18	0,82
10,20	0,82
10,23	0,82
10,25	0,85
10,28	0,87
10,30	0,90
10,32	0,90
10,35	0,88
10,37	0,89
10,40	0,90
10,42	0,89
10,45	0,90
10,47	0,88
10,50	0,90
10,52	0,90
10,54	0,91
10,57	0,91
10,59	0,92
10,62	0,91
10,64	0,94
10,67	0,92
10,69	0,95
10,72	0,95
10,74	0,97
10,76	0,98
10,79	1,01
10,81	1,00
10,84	1,04
10,86	1,04
10,89	1,06
10,91	1,09
10,94	1,10
10,96	1,11
10,98	1,13
11,01	1,13
11,03	1,14
11,06	1,15
11,08	1,14
11,11	1,17
11,13	1,17
11,15	1,18
11,18	1,20
11,20	1,22
11,23	1,24
11,25	1,26
11,28	1,25
11,30	1,30
11,33	1,33
11,35	1,36
11,37	1,37
11,40	1,38
11,42	1,39
11,45	1,43
11,47	1,42
11,50	1,45
11,52	1,46
11,55	1,48
11,57	1,49
11,59	1,52
11,62	1,52
11,64	1,57
11,67	1,58
11,69	1,64
11,72	1,67
11,74	1,71
11,77	1,71
11,79	1,76
11,81	1,73
11,84	1,78
11,86	1,75
11,89	1,77
11,91	1,79
11,94	1,83
11,96	1,82
11,99	1,87
12,01	1,87
12,03	1,94
12,06	1,94
12,08	1,96
12,11	1,98
12,13	1,98
12,16	1,99
12,18	2,00
12,21	1,99
12,23	2,02
12,25	2,00
12,28	2,02
12,30	2,05
12,33	2,06
12,35	2,08
12,38	2,10
12,40	2,09
12,42	2,12
12,45	2,12
12,47	2,13
12,50	2,14
12,52	2,15
12,55	2,13
12,57	2,16
12,60	2,14
12,62	2,16
12,64	2,16
12,67	2,16
12,69	2,16
12,72	2,17
12,74	2,16
12,77	2,20
12,79	2,18
12,82	2,17
12,84	2,17
12,86	2,14
12,89	2,15
12,91	2,14
12,94	2,13
12,96	2,11
12,99	2,10
13,01	2,08
13,04	2,12
13,06	2,10
13,08	2,10
13,11	2,09
13,13	2,10
13,16	2,09
13,18	2,09
13,21	2,07
13,23	2,09
13,26	2,08
13,28	2,08
13,30	2,08
13,33	2,06
13,35	2,05
13,38	2,04
13,40	2,00
13,43	2,00
13,45	1,99
13,47	1,99
13,50	2,01
13,52	2,01
13,55	2,00
13,57	1,99
13,60	1,95
13,62	1,94
13,65	1,93
13,67	1,90
13,69	1,88
13,72	1,85
13,74	1,84
13,77	1,86
13,79	1,85
13,82	1,84
13,84	1,82
13,87	1,82
13,89	1,83
13,91	1,83
13,94	1,81
13,96	1,81
13,99	1,79
14,01	1,80
14,04	1,81
14,06	1,79
14,09	1,78
14,11	1,79
14,13	1,78
14,16	1,79
14,18	1,79
14,21	1,77
14,23	1,79
14,26	1,78
14,28	1,77
14,31	1,77
14,33	1,76
14,35	1,76
14,38	1,76
14,40	1,75
14,43	1,77
14,45	1,76
14,48	1,76
14,50	1,77
14,52	1,77
14,55	1,77
14,57	1,78
14,60	1,77
14,62	1,79
14,65	1,79
14,67	1,80
14,70	1,81
14,72	1,83
14,74	1,82
14,77	1,84
14,79	1,82
14,82	1,85
14,84	1,84
14,87	1,86
14,89	1,86
14,92	1,87
14,94	1,88
14,96	1,95
14,99	1,93
15,01	1,97
15,04	1,96
15,06	2,00
15,09	2,01
15,11	2,04
15,14	2,03
15,16	2,09
15,18	2,06
15,21	2,11
15,23	2,13
15,26	2,16
15,28	2,18
15,31	2,21
15,33	2,22
15,36	2,30
15,38	2,32
15,40	2,34
15,43	2,36
15,45	2,39
15,48	2,41
15,50	2,47
15,53	2,46
15,55	2,51
15,57	2,54
15,60	2,59
15,62	2,62
15,65	2,66
15,67	2,67
15,70	2,74
15,72	2,76
15,75	2,80
15,77	2,83
15,79	2,87
15,82	2,91
15,84	2,96
15,87	2,99
15,89	3,05
15,92	3,08
15,94	3,12
15,97	3,19
15,99	3,24
16,01	3,29
16,04	3,33
16,06	3,37
16,09	3,42
16,11	3,48
16,14	3,51
16,16	3,56
16,19	3,59
16,21	3,66
16,23	3,72
16,26	3,79
16,28	3,83
16,31	3,90
16,33	3,95
16,36	4,04
16,38	4,07
16,41	4,13
16,43	4,19
16,45	4,27
16,48	4,30
16,50	4,37
16,53	4,41
16,55	4,50
16,58	4,53
16,60	4,58
16,63	4,62
16,65	4,67
16,67	4,71
16,70	4,77
16,72	4,82
16,75	4,88
16,77	4,93
16,80	4,97
16,82	5,01
16,84	5,07
16,87	5,08
16,89	5,13
16,92	5,16
16,94	5,20
16,97	5,25
16,99	5,28
17,02	5,29
17,04	5,36
17,06	5,38
17,09	5,41
17,11	5,43
17,14	5,44
17,16	5,45
17,19	5,48
17,21	5,46
17,24	5,47
17,26	5,46
17,28	5,47
17,31	5,46
17,33	5,47
17,36	5,47
17,38	5,45
17,41	5,45
17,43	5,47
17,46	5,45
17,48	5,44
17,50	5,43
17,53	5,40
17,55	5,40
17,58	5,36
17,60	5,31
17,63	5,27
17,65	5,24
17,68	5,19
17,70	5,17
17,72	5,12
17,75	5,08
17,77	5,04
17,80	5,01
17,82	4,98
17,85	4,94
17,87	4,88
17,89	4,85
17,92	4,80
17,94	4,74
17,97	4,69
17,99	4,64
18,02	4,57
18,04	4,53
18,07	4,46
18,09	4,43
18,11	4,36
18,14	4,33
18,16	4,28
18,19	4,26
18,21	4,19
18,24	4,16
18,26	4,11
18,29	4,08
18,31	4,02
18,33	3,96
18,36	3,91
18,38	3,89
18,41	3,83
18,43	3,81
18,46	3,76
18,48	3,72
18,51	3,68
18,53	3,66
18,55	3,62
18,58	3,61
18,60	3,56
18,63	3,53
18,65	3,49
18,68	3,46
18,70	3,41
18,73	3,37
18,75	3,32
18,77	3,30
18,80	3,27
18,82	3,27
18,85	3,23
18,87	3,22
18,90	3,21
18,92	3,19
18,94	3,17
18,97	3,16
18,99	3,12
19,02	3,13
19,04	3,11
19,07	3,10
19,09	3,10
19,12	3,08
19,14	3,05
19,16	3,08
19,19	3,08
19,21	3,09
19,24	3,09
19,26	3,08
19,29	3,11
19,31	3,13
19,34	3,12
19,36	3,13
19,38	3,13
19,41	3,13
19,43	3,14
19,46	3,14
19,48	3,16
19,51	3,17
19,53	3,19
19,56	3,21
19,58	3,24
19,60	3,25
19,63	3,30
19,65	3,33
19,68	3,38
19,70	3,42
19,73	3,46
19,75	3,49
19,78	3,56
19,80	3,57
19,82	3,63
19,85	3,62
19,87	3,67
19,90	3,71
19,92	3,78
19,95	3,80
19,97	3,88
19,99	3,92
20,02	4,01
20,04	4,06
20,07	4,11
20,09	4,15
20,12	4,21
20,14	4,23
20,17	4,30
20,19	4,32
20,21	4,39
20,24	4,44
20,26	4,52
20,29	4,58
20,31	4,66
20,34	4,71
20,36	4,82
20,39	4,87
20,41	4,95
20,43	5,02
20,46	5,10
20,48	5,17
20,51	5,26
20,53	5,30
20,56	5,38
20,58	5,45
20,61	5,54
20,63	5,63
20,65	5,70
20,68	5,77
20,70	5,87
20,73	5,96
20,75	6,06
20,78	6,14
20,80	6,22
20,83	6,32
20,85	6,41
20,87	6,51
20,90	6,60
20,92	6,67
20,95	6,76
20,97	6,86
21,00	6,94
21,02	7,05
21,05	7,15
21,07	7,27
21,09	7,39
21,12	7,51
21,14	7,62
21,17	7,74
21,19	7,84
21,22	7,96
21,24	8,04
21,26	8,14
21,29	8,23
21,31	8,34
21,34	8,43
21,36	8,56
21,39	8,65
21,41	8,79
21,44	8,88
21,46	8,99
21,48	9,12
21,51	9,24
21,53	9,32
21,56	9,44
21,58	9,48
21,61	9,59
21,63	9,68
21,66	9,75
21,68	9,81
21,70	9,89
21,73	9,94
21,75	10,05
21,78	10,11
21,80	10,19
21,83	10,26
21,85	10,34
21,88	10,38
21,90	10,44
21,92	10,47
21,95	10,52
21,97	10,55
22,00	10,56
22,02	10,57
22,05	10,59
22,07	10,56
22,10	10,60
22,12	10,58
22,14	10,58
22,17	10,54
22,19	10,52
22,22	10,48
22,24	10,46
22,27	10,38
22,29	10,34
22,31	10,26
22,34	10,22
22,36	10,15
22,39	10,08
22,41	10,01
22,44	9,94
22,46	9,85
22,49	9,78
22,51	9,68
22,53	9,58
22,56	9,50
22,58	9,39
22,61	9,28
22,63	9,18
22,66	9,07
22,68	8,97
22,71	8,86
22,73	8,73
22,75	8,63
22,78	8,53
22,80	8,40
22,83	8,30
22,85	8,18
22,88	8,07
22,90	7,93
22,93	7,81
22,95	7,70
22,97	7,59
23,00	7,47
23,02	7,37
23,05	7,24
23,07	7,16
23,10	7,04
23,12	6,93
23,15	6,82
23,17	6,69
23,19	6,57
23,22	6,46
23,24	6,34
23,27	6,24
23,29	6,18
23,32	6,08
23,34	6,01
23,36	5,93
23,39	5,84
23,41	5,78
23,44	5,72
23,46	5,64
23,49	5,59
23,51	5,49
23,54	5,45
23,56	5,42
23,58	5,38
23,61	5,29
23,63	5,23
23,66	5,16
23,68	5,16
23,71	5,08
23,73	5,04
23,76	4,98
23,78	4,96
23,80	4,92
23,83	4,92
23,85	4,87
23,88	4,87
23,90	4,83
23,93	4,84
23,95	4,84
23,98	4,85
24,00	4,83
24,02	4,85
24,05	4,84
24,07	4,87
24,10	4,88
24,12	4,90
24,15	4,90
24,17	4,92
24,20	4,92
24,22	4,97
24,24	5,00
24,27	5,03
24,29	5,06
24,32	5,09
24,34	5,14
24,37	5,18
24,39	5,22
24,42	5,29
24,44	5,34
24,46	5,38
24,49	5,44
24,51	5,45
24,54	5,53
24,56	5,58
24,59	5,63
24,61	5,70
24,63	5,77
24,66	5,83
24,68	5,97
24,71	6,03
24,73	6,14
24,76	6,19
24,78	6,28
24,81	6,36
24,83	6,48
24,85	6,54
24,88	6,65
24,90	6,72
24,93	6,85
24,95	6,94
24,98	7,05
25,00	7,12
25,03	7,24
25,05	7,33
25,07	7,44
25,10	7,51
25,12	7,61
25,15	7,73
25,17	7,85
25,20	7,94
25,22	8,07
25,25	8,16
25,27	8,30
25,29	8,41
25,32	8,51
25,34	8,63
25,37	8,75
25,39	8,85
25,42	8,99
25,44	9,10
25,47	9,23
25,49	9,37
25,51	9,49
25,54	9,62
25,56	9,76
25,59	9,91
25,61	10,06
25,64	10,20
25,66	10,33
25,68	10,49
25,71	10,64
25,73	10,81
25,76	10,96
25,78	11,10
25,81	11,25
25,83	11,39
25,86	11,53
25,88	11,71
25,90	11,83
25,93	11,98
25,95	12,15
25,98	12,31
26,00	12,47
26,03	12,65
26,05	12,78
26,08	12,97
26,10	13,13
26,12	13,28
26,15	13,45
26,17	13,60
26,20	13,73
26,22	13,90
26,25	14,04
26,27	14,19
26,30	14,35
26,32	14,53
26,34	14,68
26,37	14,91
26,39	15,06
26,42	15,22
26,44	15,33
26,47	15,47
26,49	15,57
26,52	15,69
26,54	15,77
26,56	15,88
26,59	15,96
26,61	16,13
26,64	16,23
26,66	16,34
26,69	16,45
26,71	16,51
26,73	16,59
26,76	16,67
26,78	16,70
26,81	16,79
26,83	16,80
26,86	16,84
26,88	16,91
26,91	16,91
26,93	16,94
26,95	16,97
26,98	16,91
27,00	16,93
27,03	16,90
27,05	16,85
27,08	16,81
27,10	16,75
27,13	16,63
27,15	16,61
27,17	16,50
27,20	16,44
27,22	16,35
27,25	16,28
27,27	16,17
27,30	16,10
27,32	15,97
27,35	15,89
27,37	15,72
27,39	15,55
27,42	15,38
27,44	15,21
27,47	15,04
27,49	14,86
27,52	14,68
27,54	14,53
27,57	14,35
27,59	14,19
27,61	14,05
27,64	13,87
27,66	13,69
27,69	13,49
27,71	13,29
27,74	13,11
27,76	12,91
27,78	12,69
27,81	12,49
27,83	12,30
27,86	12,12
27,88	11,95
27,91	11,75
27,93	11,56
27,96	11,38
27,98	11,19
28,00	11,02
28,03	10,84
28,05	10,63
28,08	10,47
28,10	10,30
28,13	10,11
28,15	9,95
28,18	9,75
28,20	9,58
28,22	9,43
28,25	9,28
28,27	9,15
28,30	9,02
28,32	8,89
28,35	8,81
28,37	8,68
28,40	8,59
28,42	8,47
28,44	8,37
28,47	8,27
28,49	8,20
28,52	8,10
28,54	8,03
28,57	7,93
28,59	7,88
28,62	7,80
28,64	7,76
28,66	7,69
28,69	7,66
28,71	7,62
28,74	7,61
28,76	7,57
28,79	7,54
28,81	7,54
28,84	7,53
28,86	7,50
28,88	7,51
28,91	7,49
28,93	7,49
28,96	7,51
28,98	7,51
29,01	7,52
29,03	7,54
29,05	7,56
29,08	7,61
29,10	7,63
29,13	7,67
29,15	7,73
29,18	7,79
29,20	7,86
29,23	7,92
29,25	7,97
29,27	8,04
29,30	8,10
29,32	8,15
29,35	8,25
29,37	8,30
29,40	8,38
29,42	8,45
29,45	8,55
29,47	8,65
29,49	8,77
29,52	8,84
29,54	8,98
29,57	9,08
29,59	9,20
29,62	9,29
29,64	9,41
29,67	9,50
29,69	9,64
29,71	9,75
29,74	9,88
29,76	9,98
29,79	10,14
29,81	10,27
29,84	10,43
29,86	10,56
29,89	10,72
29,91	10,84
29,93	11,03
29,96	11,16
29,98	11,30
30,01	11,44
30,03	11,58
30,06	11,70
30,08	11,88
30,10	12,00
30,13	12,18
30,15	12,36
30,18	12,53
30,20	12,72
30,23	12,92
30,25	13,08
30,28	13,30
30,30	13,44
30,32	13,60
30,35	13,78
30,37	13,93
30,40	14,10
30,42	14,27
30,45	14,43
30,47	14,65
30,50	14,84
30,52	15,04
30,54	15,26
30,57	15,47
30,59	15,68
30,62	15,92
30,64	16,13
30,67	16,34
30,69	16,55
30,72	16,73
30,74	16,92
30,76	17,13
30,79	17,33
30,81	17,53
30,84	17,76
30,86	17,98
30,89	18,22
30,91	18,45
30,94	18,69
30,96	18,92
30,98	19,15
31,01	19,38
31,03	19,59
31,06	19,78
31,08	19,98
31,11	20,17
31,13	20,40
31,15	20,58
31,18	20,81
31,20	21,04
31,23	21,27
31,25	21,48
31,28	21,73
31,30	21,93
31,33	22,14
31,35	22,30
31,37	22,48
31,40	22,64
31,42	22,85
31,45	22,99
31,47	23,14
31,50	23,27
31,52	23,46
31,55	23,61
31,57	23,77
31,59	23,88
31,62	23,99
31,64	24,10
31,67	24,24
31,69	24,31
31,72	24,38
31,74	24,45
31,77	24,52
31,79	24,57
31,81	24,61
31,84	24,63
31,86	24,67
31,89	24,67
31,91	24,71
31,94	24,68
31,96	24,64
31,99	24,60
32,01	24,58
32,03	24,50
32,06	24,45
32,08	24,35
32,11	24,28
32,13	24,19
32,16	24,11
32,18	23,96
32,20	23,85
32,23	23,71
32,25	23,58
32,28	23,43
32,30	23,27
32,33	23,08
32,35	22,91
32,38	22,70
32,40	22,54
32,42	22,36
32,45	22,15
32,47	21,95
32,50	21,74
32,52	21,53
32,55	21,32
32,57	21,07
32,60	20,81
32,62	20,54
32,64	20,26
32,67	20,00
32,69	19,70
32,72	19,42
32,74	19,17
32,77	18,92
32,79	18,68
32,82	18,45
32,84	18,23
32,86	18,00
32,89	17,76
32,91	17,49
32,94	17,23
32,96	16,97
32,99	16,68
33,01	16,44
33,04	16,19
33,06	15,92
33,08	15,66
33,11	15,42
33,13	15,21
33,16	15,06
33,18	14,83
33,21	14,64
33,23	14,45
33,26	14,28
33,28	14,09
33,30	13,91
33,33	13,69
33,35	13,53
33,38	13,35
33,40	13,23
33,43	13,07
33,45	12,96
33,47	12,83
33,50	12,74
33,52	12,59
33,55	12,53
33,57	12,42
33,60	12,34
33,62	12,23
33,65	12,15
33,67	12,04
33,69	11,99
33,72	11,91
33,74	11,87
33,77	11,81
33,79	11,80
33,82	11,76
33,84	11,76
33,87	11,75
33,89	11,74
33,91	11,72
33,94	11,74
33,96	11,74
33,99	11,77
34,01	11,79
34,04	11,83
34,06	11,88
34,09	11,94
34,11	12,00
34,13	12,08
34,16	12,14
34,18	12,21
34,21	12,28
34,23	12,37
34,26	12,44
34,28	12,53
34,31	12,61
34,33	12,71
34,35	12,83
34,38	12,94
34,40	13,07
34,43	13,19
34,45	13,32
34,48	13,47
34,50	13,61
34,52	13,73
34,55	13,88
34,57	13,98
34,60	14,15
34,62	14,27
34,65	14,43
34,67	14,58
34,70	14,76
34,72	14,93
34,74	15,15
34,77	15,33
34,79	15,57
34,82	15,76
34,84	15,95
34,87	16,13
34,89	16,34
34,92	16,50
34,94	16,71
34,96	16,87
34,99	17,06
35,01	17,30
35,04	17,55
35,06	17,75
35,09	17,99
35,11	18,20
35,14	18,46
35,16	18,70
35,18	18,88
35,21	19,09
35,23	19,31
35,26	19,52
35,28	19,73
35,31	19,94
35,33	20,20
35,36	20,47
35,38	20,71
35,40	20,98
35,43	21,22
35,45	21,49
35,48	21,75
35,50	21,99
35,53	22,25
35,55	22,49
35,57	22,74
35,60	22,99
35,62	23,24
35,65	23,51
35,67	23,80
35,70	24,07
35,72	24,36
35,75	24,66
35,77	24,95
35,79	25,26
35,82	25,55
35,84	25,81
35,87	26,09
35,89	26,34
35,92	26,58
35,94	26,88
35,97	27,13
35,99	27,39
36,01	27,63
36,04	27,88
36,06	28,22
36,09	28,55
36,11	28,80
36,14	29,10
36,16	29,33
36,19	29,64
36,21	29,93
36,23	30,16
36,26	30,35
36,28	30,60
36,31	30,81
36,33	31,08
36,36	31,27
36,38	31,48
36,41	31,71
36,43	31,96
36,45	32,15
36,48	32,38
36,50	32,54
36,53	32,72
36,55	32,84
36,58	33,02
36,60	33,11
36,62	33,23
36,65	33,33
36,67	33,48
36,70	33,56
36,72	33,69
36,75	33,73
36,77	33,83
36,80	33,91
36,82	33,99
36,84	33,96
36,87	34,02
36,89	34,01
36,92	34,02
36,94	34,01
36,97	33,99
36,99	33,95
37,02	33,95
37,04	33,88
37,06	33,87
37,09	33,77
37,11	33,70
37,14	33,62
37,16	33,49
37,19	33,35
37,21	33,23
37,24	33,05
37,26	32,91
37,28	32,75
37,31	32,59
37,33	32,45
37,36	32,26
37,38	32,07
37,41	31,90
37,43	31,71
37,46	31,48
37,48	31,24
37,50	30,96
37,53	30,72
37,55	30,46
37,58	30,16
37,60	29,87
37,63	29,57
37,65	29,30
37,68	29,02
37,70	28,73
37,72	28,44
37,75	28,15
37,77	27,84
37,80	27,54
37,82	27,20
37,85	26,88
37,87	26,56
37,89	26,24
37,92	25,92
37,94	25,62
37,97	25,29
37,99	25,01
38,02	24,71
38,04	24,42
38,07	24,14
38,09	23,86
38,11	23,57
38,14	23,31
38,16	23,00
38,19	22,72
38,21	22,44
38,24	22,14
38,26	21,88
38,29	21,59
38,31	21,34
38,33	21,11
38,36	20,87
38,38	20,64
38,41	20,45
38,43	20,24
38,46	20,08
38,48	19,92
38,51	19,74
38,53	19,57
38,55	19,43
38,58	19,28
38,60	19,17
38,63	19,03
38,65	18,89
38,68	18,76
38,70	18,69
38,73	18,58
38,75	18,49
38,77	18,40
38,80	18,35
38,82	18,28
38,85	18,25
38,87	18,19
38,90	18,17
38,92	18,15
38,94	18,14
38,97	18,11
38,99	18,16
39,02	18,16
39,04	18,17
39,07	18,20
39,09	18,20
39,12	18,24
39,14	18,30
39,16	18,32
39,19	18,39
39,21	18,47
39,24	18,54
39,26	18,66
39,29	18,75
39,31	18,84
39,34	18,99
39,36	19,09
39,38	19,18
39,41	19,31
39,43	19,42
39,46	19,58
39,48	19,72
39,51	19,83
39,53	19,98
39,56	20,15
39,58	20,32
39,60	20,53
39,63	20,69
39,65	20,90
39,68	21,10
39,70	21,32
39,73	21,53
39,75	21,74
39,78	21,92
39,80	22,17
39,82	22,34
39,85	22,57
39,87	22,75
39,90	22,99
39,92	23,22
39,95	23,47
39,97	23,68
39,99	23,99
40,02	24,24
40,04	24,52
40,07	24,77
40,09	25,03
40,12	25,26
40,14	25,51
40,17	25,72
40,19	25,96
40,21	26,22
40,24	26,52
40,26	26,80
40,29	27,10
40,31	27,39
40,34	27,72
40,36	28,06
40,39	28,40
40,41	28,72
40,43	29,00
40,46	29,32
40,48	29,61
40,51	29,92
40,53	30,19
40,56	30,46
40,58	30,75
40,61	31,10
40,63	31,41
40,65	31,77
40,68	32,08
40,70	32,45
40,73	32,82
40,75	33,20
40,78	33,49
40,80	33,81
40,83	34,11
40,85	34,46
40,87	34,76
40,90	35,07
40,92	35,36
40,95	35,75
40,97	36,13
41,00	36,52
41,02	36,85
41,05	37,22
41,07	37,58
41,09	37,96
41,12	38,26
41,14	38,57
41,17	38,81
41,19	39,16
41,22	39,42
41,24	39,73
41,26	39,96
41,29	40,26
41,31	40,55
41,34	40,91
41,36	41,18
41,39	41,50
41,41	41,72
41,44	42,00
41,46	42,27
41,48	42,52
41,51	42,71
41,53	42,94
41,56	43,13
41,58	43,35
41,61	43,52
41,63	43,70
41,66	43,86
41,68	44,06
41,70	44,22
41,73	44,37
41,75	44,49
41,78	44,64
41,80	44,74
41,83	44,86
41,85	44,90
41,88	45,00
41,90	45,07
41,92	45,18
41,95	45,24
41,97	45,31
42,00	45,33
42,02	45,39
42,05	45,39
42,07	45,39
42,10	45,35
42,12	45,35
42,14	45,28
42,17	45,25
42,19	45,22
42,22	45,17
42,24	45,09
42,27	45,02
42,29	44,90
42,31	44,85
42,34	44,72
42,36	44,54
42,39	44,39
42,41	44,25
42,44	44,05
42,46	43,87
42,49	43,64
42,51	43,46
42,53	43,29
42,56	43,07
42,58	42,85
42,61	42,67
42,63	42,44
42,66	42,24
42,68	41,98
42,71	41,70
42,73	41,43
42,75	41,12
42,78	40,82
42,80	40,51
42,83	40,18
42,85	39,85
42,88	39,59
42,90	39,32
42,93	39,09
42,95	38,82
42,97	38,54
43,00	38,28
43,02	37,99
43,05	37,68
43,07	37,32
43,10	36,97
43,12	36,63
43,15	36,30
43,17	35,95
43,19	35,67
43,22	35,33
43,24	35,10
43,27	34,84
43,29	34,58
43,32	34,31
43,34	34,05
43,36	33,77
43,39	33,54
43,41	33,25
43,44	32,94
43,46	32,69
43,49	32,43
43,51	32,19
43,54	31,95
43,56	31,73
43,58	31,53
43,61	31,34
43,63	31,11
43,66	30,96
43,68	30,79
43,71	30,63
43,73	30,42
43,76	30,27
43,78	30,11
43,80	30,00
43,83	29,86
43,85	29,75
43,88	29,64
43,90	29,57
43,93	29,48
43,95	29,40
43,98	29,33
44,00	29,28
44,02	29,22
44,05	29,19
44,07	29,17
44,10	29,14
44,12	29,17
44,15	29,17
44,17	29,18
44,20	29,23
44,22	29,26
44,24	29,31
44,27	29,36
44,29	29,40
44,32	29,46
44,34	29,53
44,37	29,59
44,39	29,68
44,41	29,78
44,44	29,88
44,46	30,02
44,49	30,14
44,51	30,31
44,54	30,48
44,56	30,66
44,59	30,84
44,61	31,00
44,63	31,14
44,66	31,36
44,68	31,48
44,71	31,65
44,73	31,82
44,76	32,03
44,78	32,26
44,81	32,51
44,83	32,71
44,85	33,03
44,88	33,32
44,90	33,61
44,93	33,87
44,95	34,14
44,98	34,40
45,00	34,69
45,03	34,94
45,05	35,20
45,07	35,44
45,10	35,75
45,12	36,06
45,15	36,43
45,17	36,77
45,20	37,09
45,22	37,43
45,25	37,82
45,27	38,18
45,29	38,56
45,32	38,85
45,34	39,16
45,37	39,51
45,39	39,84
45,42	40,15
45,44	40,48
45,47	40,82
45,49	41,19
45,51	41,63
45,54	42,03
45,56	42,46
45,59	42,88
45,61	43,30
45,64	43,72
45,66	44,12
45,68	44,46
45,71	44,82
45,73	45,17
45,76	45,56
45,78	45,91
45,81	46,30
45,83	46,70
45,86	47,17
45,88	47,60
45,90	48,04
45,93	48,49
45,95	48,92
45,98	49,24
46,00	49,53
46,03	49,73
46,05	49,89
46,08	49,98
46,10	50,00
46,12	50,00
46,15	50,00
46,17	50,00
46,20	50,00
46,22	50,00
46,25	50,00
46,27	50,00
46,30	50,00
46,32	50,00
46,34	50,00
46,37	50,00
46,39	50,00
46,42	50,00
46,44	50,00
46,47	50,00
46,49	50,00
46,52	50,00
46,54	50,00
46,56	50,00
46,59	50,00
46,61	50,00
46,64	50,00
46,66	50,00
46,69	50,00
46,71	50,00
46,73	50,00
46,76	50,00
46,78	50,00
46,81	50,00
46,83	50,00
46,86	50,00
46,88	50,00
46,91	50,00
46,93	50,00
46,95	50,00
46,98	50,00
47,00	50,00
47,03	50,00
47,05	50,00
47,08	50,00
47,10	50,00
47,13	50,00
47,15	50,00
47,17	50,00
47,20	50,00
47,22	50,00
47,25	50,00
47,27	50,00
47,30	50,00
47,32	50,00
47,35	50,00
47,37	50,00
47,39	50,00
47,42	50,00
47,44	50,00
47,47	50,00
47,49	50,00
47,52	50,00
47,54	50,00
47,57	50,00
47,59	50,00
47,61	50,00
47,64	50,00
47,66	50,00
47,69	50,00
47,71	50,00
47,74	50,00
47,76	50,00
47,78	50,00
47,81	50,00
47,83	50,00
47,86	50,00
47,88	50,00
47,91	50,00
47,93	50,00
47,96	50,00
47,98	50,00
48,00	50,00
48,03	50,00
48,05	50,00
48,08	50,00
48,10	50,00
48,13	50,00
48,15	50,00
48,18	50,00
48,20	50,00
48,22	50,00
48,25	50,00
48,27	50,00
48,30	50,00
48,32	50,00
48,35	50,00
48,37	50,00
48,40	50,00
48,42	50,00
48,44	50,00
48,47	50,00
48,49	50,00
48,52	50,00
48,54	50,00
48,57	50,00
48,59	50,00
48,62	50,00
48,64	50,00
48,66	50,00
48,69	50,00
48,71	50,00
48,74	50,00
48,76	50,00
48,79	50,00
48,81	50,00
48,84	50,00
48,86	50,00
48,88	50,00
48,91	50,00
48,93	50,00
48,96	50,00
48,98	50,00
49,01	50,00
49,03	50,00
49,05	50,00
49,08	50,00
49,10	50,00
49,13	50,00
49,15	50,00
49,18	50,00
49,20	50,00
49,23	50,00
49,25	50,00
49,27	50,00
49,30	50,00
49,32	50,00
49,35	50,00
49,37	50,00
49,40	50,00
49,42	50,00
49,45	50,00
49,47	50,00
49,49	50,00
49,52	50,00
49,54	50,00
49,57	50,00
49,59	50,00
49,62	50,00
49,64	50,00
49,67	50,00
49,69	50,00
49,71	50,00
49,74	50,00
49,76	50,00
49,79	50,00
49,81	50,00
49,84	50,00
49,86	50,00
49,89	50,00
49,91	50,00
49,93	50,00
49,96	50,00
49,98	50,00
50,01	50,00
50,03	50,00
50,06	50,00
50,08	50,00
50,10	50,00
50,13	50,00
50,15	50,00
50,18	50,00
50,20	50,00
50,23	50,00
50,25	50,00
50,28	50,00
50,30	50,00
50,32	50,00
50,35	50,00
50,37	50,00
50,40	50,00
50,42	50,00
50,45	50,00
50,47	50,00
50,50	50,00
50,52	50,00
50,54	50,00
50,57	50,00
50,59	50,00
50,62	50,00
50,64	50,00
50,67	50,00
50,69	50,00
50,72	50,00
50,74	50,00
50,76	50,00
50,79	50,00
50,81	50,00
50,84	50,00
50,86	50,00
50,89	50,00
50,91	50,00
50,94	50,00
50,96	50,00
50,98	50,00
51,01	50,00
51,03	50,00
51,06	50,00
51,08	50,00
51,11	50,00
51,13	50,00
51,15	50,00
51,18	50,00
51,20	50,00
51,23	50,00
51,25	50,00
51,28	50,00
51,30	50,00
51,33	50,00
51,35	50,00
51,37	50,00
51,40	50,00
51,42	50,00
51,45	50,00
51,47	50,00
51,50	50,00
51,52	50,00
51,55	50,00
51,57	50,00
51,59	50,00
51,62	50,00
51,64	50,00
51,67	50,00
51,69	50,00
51,72	50,00
51,74	50,00
51,77	50,00
51,79	50,00
51,81	50,00
51,84	50,00
51,86	50,00
51,89	50,00
51,91	50,00
51,94	50,00
51,96	50,00
51,99	50,00
52,01	50,00
52,03	50,00
52,06	50,00
52,08	50,00
52,11	50,00
52,13	50,00
52,16	50,00
52,18	50,00
52,20	50,00
52,23	50,00
52,25	50,00
52,28	50,00
52,30	50,00
52,33	50,00
52,35	50,00
52,38	50,00
52,40	50,00
52,42	50,00
52,45	50,00
52,47	50,00
52,50	50,00
52,52	50,00
52,55	50,00
52,57	50,00
52,60	50,00
52,62	50,00
52,64	50,00
52,67	50,00
52,69	50,00
52,72	50,00
52,74	50,00
52,77	50,00
52,79	50,00
52,82	50,00
52,84	50,00
52,86	50,00
52,89	50,00
52,91	50,00
52,94	50,00
52,96	50,00
52,99	50,00
53,01	50,00
53,04	50,00
53,06	50,00
53,08	50,00
53,11	50,00
53,13	50,00
53,16	50,00
53,18	50,00
53,21	50,00
53,23	50,00
53,26	50,00
53,28	50,00
53,30	50,00
53,33	50,00
53,35	50,00
53,38	50,00
53,40	50,00
53,43	50,00
53,45	50,00
53,47	50,00
53,50	50,00
53,52	50,00
53,55	50,00
53,57	50,00
53,60	50,00
53,62	50,00
53,65	50,00
53,67	50,00
53,69	50,00
53,72	50,00
53,74	50,00
53,77	50,00
53,79	50,00
53,82	50,00
53,84	50,00
53,87	50,00
53,89	50,00
53,91	50,00
53,94	50,00
53,96	50,00
53,99	50,00
54,01	50,00
54,04	50,00
54,06	50,00
54,09	50,00
54,11	50,00
54,13	50,00
54,16	50,00
54,18	50,00
54,21	50,00
54,23	50,00
54,26	50,00
54,28	50,00
54,31	50,00
54,33	50,00
54,35	50,00
54,38	50,00
54,40	50,00
54,43	50,00
54,45	50,00
54,48	50,00
54,50	50,00
54,52	50,00
54,55	50,00
54,57	50,00
54,60	50,00
54,62	50,00
54,65	50,00
54,67	50,00
54,70	50,00
54,72	50,00
54,74	50,00
54,77	50,00
54,79	50,00
54,82	50,00
54,84	50,00
54,87	50,00
54,89	50,00
54,92	50,00
54,94	50,00
54,96	50,00
54,99	50,00
55,01	50,00
55,04	50,00
55,06	50,00
55,09	50,00
55,11	50,00
55,14	50,00
55,16	50,00
55,18	50,00
55,21	50,00
55,23	50,00
55,26	50,00
55,28	50,00
55,31	50,00
55,33	50,00
55,36	50,00
55,38	50,00
55,40	50,00
55,43	50,00
55,45	50,00
55,48	50,00
55,50	50,00
55,53	50,00
55,55	50,00
55,57	50,00
55,60	50,00
55,62	50,00
55,65	50,00
55,67	50,00
55,70	50,00
55,72	50,00
55,75	50,00
55,77	50,00
55,79	50,00
55,82	50,00
55,84	50,00
55,87	50,00
55,89	50,00
55,92	50,00
55,94	50,00
55,97	50,00
55,99	50,00
56,01	50,00
56,04	50,00
56,06	50,00
56,09	50,00
56,11	50,00
56,14	50,00
56,16	50,00
56,19	50,00
56,21	50,00
56,23	50,00
56,26	50,00
56,28	50,00
56,31	50,00
56,33	50,00
56,36	50,00
56,38	50,00
56,41	50,00
56,43	50,00
56,45	50,00
56,48	50,00
56,50	50,00
56,53	50,00
56,55	50,00
56,58	50,00
56,60	50,00
56,62	50,00
56,65	50,00
56,67	50,00
56,70	50,00
56,72	50,00
56,75	50,00
56,77	50,00
56,80	50,00
56,82	50,00
56,84	50,00
56,87	50,00
56,89	50,00
56,92	50,00
56,94	50,00
56,97	50,00
56,99	50,00
57,02	50,00
57,04	50,00
57,06	50,00
57,09	50,00
57,11	50,00
57,14	50,00
57,16	50,00
57,19	50,00
57,21	50,00
57,24	50,00
57,26	50,00
57,28	50,00
57,31	50,00
57,33	50,00
57,36	50,00
57,38	50,00
57,41	50,00
57,43	50,00
57,46	50,00
57,48	50,00
57,50	50,00
57,53	50,00
57,55	50,00
57,58	50,00
57,60	50,00
57,63	50,00
57,65	50,00
57,68	50,00
57,70	50,00
57,72	50,00
57,75	50,00
57,77	50,00
57,80	50,00
57,82	50,00
57,85	50,00
57,87	50,00
57,89	50,00
57,92	50,00
57,94	50,00
57,97	50,00
57,99	50,00
58,02	50,00
58,04	50,00
58,07	50,00
58,09	50,00
58,11	50,00
58,14	50,00
58,16	50,00
58,19	50,00
58,21	50,00
58,24	50,00
58,26	50,00
58,29	50,00
58,31	50,00
58,33	50,00
58,36	50,00
58,38	50,00
58,41	50,00
58,43	50,00
58,46	50,00
58,48	50,00
58,51	50,00
58,53	50,00
58,55	50,00
58,58	50,00
58,60	50,00
58,63	50,00
58,65	50,00
58,68	50,00
58,70	50,00
58,73	50,00
58,75	50,00
58,77	50,00
58,80	50,00
58,82	50,00
58,85	50,00
58,87	50,00
58,90	50,00
58,92	50,00
58,94	50,00
58,97	50,00
58,99	50,00
59,02	50,00
59,04	50,00
59,07	50,00
59,09	50,00
59,12	50,00
59,14	50,00
59,16	50,00
59,19	50,00
59,21	50,00
59,24	50,00
59,26	50,00
59,29	50,00
59,31	50,00
59,34	50,00
59,36	50,00
59,38	50,00
59,41	50,00
59,43	50,00
59,46	50,00
59,48	50,00
59,51	50,00
59,53	50,00
59,56	50,00
59,58	50,00
59,60	50,00
59,63	50,00
59,65	50,00
59,68	50,00
59,70	50,00
59,73	50,00
59,75	50,00
59,78	50,00
59,80	50,00
59,82	50,00
59,85	50,00
59,87	50,00
59,90	50,00
59,92	50,00
59,95	50,00
59,97	50,00
59,99	50,00
