Ángulo del crista	Tasa con 35kV
theta/°	R(35kV)/Imp/s

2,5	9619,0
2,6	8999,0
2,7	7184,0
2,8	5402,0
2,9	4256,0
3,0	3538,0
3,1	3038,0
3,2	2342,0
3,3	1985,0
3,4	1842,0
3,5	1824,0
3,6	1810,0
3,7	1756,0
3,8	1762,0
3,9	1734,0
4,0	1798,0
4,1	1756,0
4,2	1747,0
4,3	1729,0
4,4	1720,0
4,5	1690,0
4,6	1693,0
4,7	1676,0
4,8	1654,0
4,9	1654,0
5,0	1602,0
5,1	1591,0
5,2	1592,0
5,3	1533,0
5,4	1521,0
5,5	1537,0
5,6	1466,0
5,7	1454,0
5,8	1449,0
5,9	1438,0
6,0	1382,0
6,1	1373,0
6,2	1395,0
6,3	1305,0
6,4	1318,0
6,5	1314,0
6,6	1262,0
6,7	1253,0
6,8	1202,0
6,9	1187,0
7,0	1158,0
7,1	1117,0
7,2	1044,0
7,3	1032,0
7,4	1028,0
7,5	968,0
7,6	891,0
7,7	843,0
7,8	804,0
7,9	787,0
8,0	747,0
8,1	719,0
8,2	666,0
8,3	675,0
8,4	627,0
8,5	601,0
8,6	571,0
8,7	581,0
8,8	538,0
8,9	540,0
9,0	512,0
9,1	480,0
9,2	479,0
9,3	477,0
9,4	466,0
9,5	460,0
9,6	457,0
9,7	475,0
9,8	449,0
9,9	452,0
10,0	452,0
10,1	437,0
10,2	421,0
10,3	424,0
10,4	445,0
10,5	433,0
10,6	458,0
10,7	438,0
10,8	433,0
10,9	449,0
11,0	441,0
11,1	435,0
11,2	437,0
11,3	434,0
11,4	417,0
11,5	417,0
11,6	406,0
11,7	413,0
11,8	428,0
11,9	409,0
12,0	405,0
12,1	426,0
12,2	415,0
12,3	402,0
12,4	417,0
12,5	389,0
12,6	406,0
12,7	409,0
12,8	423,0
12,9	410,0
13,0	406,0
13,1	389,0
13,2	395,0
13,3	397,0
13,4	414,0
13,5	403,0
13,6	385,0
13,7	418,0
13,8	379,0
13,9	393,0
14,0	395,0
14,1	385,0
14,2	394,0
14,3	393,0
14,4	390,0
14,5	385,0
14,6	382,0
14,7	359,0
14,8	366,0
14,9	371,0
15,0	377,0
15,1	370,0
15,2	376,0
15,3	343,0
15,4	364,0
15,5	373,0
15,6	378,0
15,7	370,0
15,8	365,0
15,9	368,0
16,0	346,0
16,1	362,0
16,2	363,0
16,3	348,0
16,4	367,0
16,5	367,0
16,6	355,0
16,7	356,0
16,8	358,0
16,9	356,0
17,0	369,0
17,1	366,0
17,2	389,0
17,3	378,0
17,4	367,0
17,5	350,0
17,6	355,0
17,7	374,0
17,8	358,0
17,9	366,0
18,0	404,0
18,1	534,0
18,2	780,0
18,3	808,0
18,4	1868,0
18,5	1959,0
18,6	931,0
18,7	493,0
18,8	460,0
18,9	463,0
19,0	444,0
19,1	432,0
19,2	424,0
19,3	425,0
19,4	396,0
19,5	389,0
19,6	392,0
19,7	379,0
19,8	376,0
19,9	403,0
20,0	410,0
20,1	438,0
20,2	475,0
20,3	526,0
20,4	1219,0
20,5	2060,0
20,6	4192,0
20,7	7535,0
20,8	7854,0
20,9	2361,0
21,0	678,0
21,1	536,0
21,2	488,0
21,3	446,0
21,4	407,0
21,5	371,0
21,6	355,0
21,7	345,0
21,8	0,0
21,9	341,0
22,0	333,0
22,1	337,0
22,2	338,0
22,3	338,0
22,4	322,0
22,5	325,0
22,6	340,0
22,7	321,0
22,8	329,0
22,9	314,0
23,0	296,0
23,1	307,0
23,2	291,0
23,3	301,0
23,4	298,0
23,5	297,0
23,6	279,0
23,7	284,0
23,8	285,0
23,9	283,0
24,0	286,0
24,1	270,0
24,2	292,0
24,3	260,0
24,4	289,0
24,5	270,0
24,6	256,0
24,7	277,0
24,8	284,0
24,9	258,0
25,0	273,0
25,1	279,0
25,2	266,0
25,3	280,0
25,4	269,0
25,5	250,0
25,6	255,0
25,7	266,0
25,8	249,0
25,9	243,0
26,0	243,0
26,1	265,0
26,2	265,0
26,3	245,0
26,4	245,0
26,5	249,0
26,6	252,0
26,7	258,0
26,8	255,0
26,9	259,0
27,0	242,0
27,1	244,0
27,2	250,0
27,3	236,0
27,4	247,0
27,5	243,0
27,6	238,0
27,7	247,0
27,8	250,0
27,9	244,0
28,0	241,0
28,1	255,0
28,2	238,0
28,3	239,0
28,4	249,0
28,5	250,0
28,6	243,0
28,7	241,0
28,8	248,0
28,9	246,0
29,0	233,0
29,1	248,0
29,2	236,0
29,3	256,0
29,4	243,0
29,5	232,0
29,6	252,0
29,7	248,0
29,8	228,0
29,9	230,0
30,0	228,0
30,1	237,0
30,2	220,0
30,3	231,0
30,4	217,0
30,5	230,0
30,6	238,0
30,7	237,0
30,8	222,0
30,9	231,0
31,0	236,0
31,1	243,0
31,2	238,0
31,3	233,0
31,4	235,0
31,5	252,0
31,6	255,0
31,7	245,0
31,8	237,0
31,9	237,0
32,0	214,0
32,1	225,0
32,2	228,0
32,3	219,0
32,4	220,0
32,5	224,0
32,6	235,0
32,7	242,0
32,8	228,0
32,9	236,0
33,0	233,0
33,1	229,0
33,2	230,0
33,3	234,0
33,4	218,0
33,5	226,0
33,6	211,0
33,7	211,0
33,8	219,0
33,9	212,0
34,0	216,0
34,1	206,0
34,2	214,0
34,3	219,0
34,4	216,0
34,5	220,0
34,6	209,0
34,7	220,0
34,8	209,0
34,9	213,0
35,0	207,0
35,1	200,0
35,2	219,0
35,3	210,0
35,4	208,0
35,5	219,0
35,6	206,0
35,7	199,0
35,8	214,0
35,9	195,0
36,0	198,0
36,1	214,0
36,2	214,0
36,3	195,0
36,4	210,0
36,5	224,0
36,6	204,0
36,7	206,0
36,8	209,0
36,9	202,0
37,0	208,0
37,1	214,0
37,2	226,0
37,3	209,0
37,4	199,0
37,5	213,0
37,6	205,0
37,7	206,0
37,8	206,0
37,9	206,0
38,0	213,0
38,1	203,0
38,2	220,0
38,3	219,0
38,4	226,0
38,5	218,0
38,6	218,0
38,7	198,0
38,8	209,0
38,9	202,0
39,0	198,0
39,1	195,0
39,2	214,0
39,3	214,0
39,4	187,0
39,5	198,0
39,6	201,0
39,7	200,0
39,8	189,0
39,9	206,0
40,0	203,0
40,1	200,0
40,2	202,0
40,3	200,0
40,4	194,0
40,5	213,0
40,6	212,0
40,7	201,0
40,8	214,0
40,9	198,0
41,0	191,0
41,1	190,0
41,2	194,0
41,3	194,0
41,4	203,0
41,5	221,0
41,6	211,0
41,7	251,0
41,8	424,0
41,9	492,0
42,0	436,0
42,1	290,0
42,2	222,0
42,3	222,0
42,4	213,0
42,5	209,0
42,6	199,0
42,7	215,0
42,8	211,0
42,9	204,0
43,0	204,0
43,1	202,0
43,2	211,0
43,3	194,0
43,4	198,0
43,5	210,0
43,6	199,0
43,7	196,0
43,8	200,0
43,9	196,0
44,0	199,0
44,1	202,0
44,2	197,0
44,3	216,0
44,4	200,0
44,5	188,0
44,6	215,0
44,7	215,0
44,8	191,0
44,9	198,0
45,0	210,0
45,1	212,0
45,2	210,0
45,3	199,0
45,4	208,0
45,5	215,0
45,6	206,0
45,7	206,0
45,8	219,0
45,9	208,0
46,0	206,0
46,1	204,0
46,2	198,0
46,3	221,0
46,4	206,0
46,5	202,0
46,6	198,0
46,7	211,0
46,8	208,0
46,9	208,0
47,0	205,0
47,1	211,0
47,2	237,0
47,3	223,0
47,4	235,0
47,5	237,0
47,6	248,0
47,7	280,0
47,8	294,0
47,9	485,0
48,0	1131,0
48,1	1425,0
48,2	1566,0
48,3	959,0
48,4	577,0
48,5	306,0
48,6	267,0
48,7	252,0
48,8	242,0
48,9	239,0
49,0	212,0
49,1	226,0
49,2	210,0
49,3	236,0
49,4	212,0
49,5	222,0
49,6	208,0
49,7	208,0
49,8	213,0
49,9	211,0
50,0	203,0
50,1	215,0
50,2	211,0
50,3	198,0
50,4	205,0
50,5	191,0
50,6	190,0
50,7	199,0
50,8	212,0
50,9	197,0
51,0	188,0
51,1	186,0
51,2	188,0
51,3	199,0
51,4	204,0
51,5	192,0
51,6	209,0
51,7	207,0
51,8	198,0
51,9	218,0
52,0	203,0
52,1	196,0
52,2	213,0
52,3	198,0
52,4	201,0
52,5	207,0
