Ángulo del contad	Tasa con 35kV
2*theta/°	R(35kV)/Imp/s

35,4	348,0
35,5	371,0
35,8	345,0
36,0	378,0
36,2	367,0
36,4	418,0
36,5	550,0
36,8	1343,0
37,0	1989,0
37,2	2006,0
37,4	884,0
37,5	510,0
37,8	491,0
38,0	454,0
38,2	449,0
38,4	438,0
38,6	404,0
38,8	425,0
39,0	413,0
39,2	393,0
39,4	405,0
39,5	397,0
39,8	405,0
40,0	405,0
40,2	409,0
40,4	471,0
40,5	482,0
40,8	533,0
41,0	766,0
41,2	1536,0
41,4	5337,0
41,5	7604,0
41,8	7282,0
42,0	2403,0
42,2	682,0
42,4	556,0
42,6	511,0
42,8	455,0
43,0	400,0
43,2	387,0
43,4	354,0
43,6	332,0
43,8	337,0
44,0	326,0
44,2	333,0
44,4	336,0
44,5	330,0
44,8	302,0
45,0	325,0
45,2	331,0
45,4	335,0
