Ángulo del contad	Tasa con 35kV
2*theta/°	R(35kV)/Imp/s

35,4	312,0
35,5	320,0
35,8	347,0
36,0	330,0
36,2	330,0
36,4	390,0
36,5	505,0
36,8	1299,0
37,0	1796,0
37,2	1749,0
37,4	777,0
37,5	477,0
37,8	414,0
38,0	413,0
38,2	376,0
38,4	392,0
38,6	403,0
38,8	341,0
39,0	346,0
39,2	344,0
39,4	335,0
39,5	384,0
39,8	347,0
40,0	351,0
40,2	388,0
40,4	409,0
40,5	408,0
40,8	477,0
41,0	688,0
41,2	1475,0
41,4	4881,0
41,5	7162,0
41,8	6527,0
42,0	2190,0
42,2	617,0
42,4	492,0
42,6	469,0
42,8	419,0
43,0	383,0
43,2	301,0
43,4	333,0
43,6	329,0
43,8	313,0
44,0	293,0
44,2	280,0
44,4	274,0
44,5	293,0
44,8	288,0
45,0	286,0
45,2	278,0
45,4	306,0
