Ángulo del contad	Tasa con 35kV
2*theta/°	R(35kV)/Imp/s

35,4	64,0
35,5	71,0
35,8	72,0
36,0	69,0
36,2	74,0
36,4	0,0
36,5	114,0
36,8	314,0
37,0	459,0
37,2	424,0
37,4	176,0
37,5	104,0
37,8	97,0
38,0	91,0
38,2	87,0
38,4	81,0
38,6	85,0
38,8	84,0
39,0	74,0
39,2	80,0
39,4	78,0
39,5	71,0
39,8	92,0
40,0	97,0
40,2	88,0
40,4	95,0
40,5	93,0
40,8	103,0
41,0	158,0
41,2	387,0
41,4	1353,0
41,5	1785,0
41,8	1648,0
42,0	490,0
42,2	129,0
42,4	108,0
42,6	106,0
42,8	87,0
43,0	85,0
43,2	76,0
43,4	70,0
43,6	71,0
43,8	67,0
44,0	66,0
44,2	55,0
44,4	56,0
44,5	68,0
44,8	65,0
45,0	60,0
45,2	64,0
45,4	66,0
