Ángulo del contad	Tasa con 35kV
2*theta/°	R(35kV)/Imp/s

35,4	148,0
35,5	140,0
35,8	138,0
36,0	149,0
36,2	158,0
36,4	168,0
36,5	259,0
36,8	625,0
37,0	868,0
37,2	831,0
37,4	331,0
37,5	226,0
37,8	212,0
38,0	194,0
38,2	184,0
38,4	179,0
38,6	182,0
38,8	180,0
39,0	153,0
39,2	161,0
39,4	163,0
39,5	169,0
39,8	157,0
40,0	164,0
40,2	173,0
40,4	184,0
40,5	196,0
40,8	212,0
41,0	327,0
41,2	748,0
41,4	2525,0
41,5	3323,0
41,8	3013,0
42,0	977,0
42,2	267,0
42,4	220,0
42,6	218,0
42,8	176,0
43,0	143,0
43,2	153,0
43,4	149,0
43,6	137,0
43,8	145,0
44,0	134,0
44,2	120,0
44,4	128,0
44,5	131,0
44,8	133,0
45,0	134,0
45,2	142,0
45,4	131,0
