Ángulo del contad	Tasa con 35kV
2*theta/°	R(35kV)/Imp/s

35,4	277,0
35,5	249,0
35,8	269,0
36,0	253,0
36,2	275,0
36,4	304,0
36,5	389,0
36,8	1022,0
37,0	1443,0
37,2	1433,0
37,4	614,0
37,5	393,0
37,8	331,0
38,0	342,0
38,2	303,0
38,4	297,0
38,6	289,0
38,8	275,0
39,0	297,0
39,2	273,0
39,4	268,0
39,5	270,0
39,8	299,0
40,0	277,0
40,2	296,0
40,4	309,0
40,5	324,0
40,8	398,0
41,0	570,0
41,2	1171,0
41,4	4003,0
41,5	5467,0
41,8	4998,0
42,0	1708,0
42,2	489,0
42,4	400,0
42,6	369,0
42,8	315,0
43,0	263,0
43,2	265,0
43,4	247,0
43,6	254,0
43,8	241,0
44,0	218,0
44,2	238,0
44,4	219,0
44,5	231,0
44,8	216,0
45,0	240,0
45,2	239,0
45,4	224,0
