Ángulo del contad	Tasa con 35kV
2*theta/°	R(35kV)/Imp/s

35,4	36,0
35,5	27,0
35,8	39,0
36,0	39,0
36,2	36,0
36,4	48,0
36,5	51,0
36,8	164,0
37,0	221,0
37,2	215,0
37,4	79,0
37,5	50,0
37,8	46,0
38,0	40,0
38,2	44,0
38,4	52,0
38,6	38,0
38,8	41,0
39,0	33,0
39,2	28,0
39,4	37,0
39,5	31,0
39,8	39,0
40,0	40,0
40,2	36,0
40,4	45,0
40,5	41,0
40,8	48,0
41,0	71,0
41,2	180,0
41,4	682,0
41,5	915,0
41,8	820,0
42,0	238,0
42,2	70,0
42,4	59,0
42,6	51,0
42,8	46,0
43,0	45,0
43,2	39,0
43,4	35,0
43,6	31,0
43,8	33,0
44,0	34,0
44,2	36,0
44,4	36,0
44,5	30,0
44,8	29,0
45,0	32,0
45,2	29,0
45,4	25,0
