Ángulo del contad	Tasa con 35kV
2*theta/°	R(35kV)/Imp/s

35,4	103,0
35,5	105,0
35,8	109,0
36,0	114,0
36,2	119,0
36,4	138,0
36,5	181,0
36,8	470,0
37,0	672,0
37,2	660,0
37,4	271,0
37,5	172,0
37,8	145,0
38,0	138,0
38,2	130,0
38,4	132,0
38,6	132,0
38,8	115,0
39,0	115,0
39,2	112,0
39,4	115,0
39,5	133,0
39,8	129,0
40,0	114,0
40,2	105,0
40,4	145,0
40,5	145,0
40,8	152,0
41,0	247,0
41,2	586,0
41,4	2015,0
41,5	2576,0
41,8	2397,0
42,0	786,0
42,2	220,0
42,4	166,0
42,6	155,0
42,8	142,0
43,0	114,0
43,2	106,0
43,4	106,0
43,6	115,0
43,8	92,0
44,0	105,0
44,2	97,0
44,4	98,0
44,5	101,0
44,8	95,0
45,0	89,0
45,2	103,0
45,4	95,0
