Ángulo del contad	Tasa con 35kV
2*theta/°	R(35kV)/Imp/s

35,4	210,0
35,5	234,0
35,8	215,0
36,0	219,0
36,2	251,0
36,4	261,0
36,5	353,0
36,8	880,0
37,0	1261,0
37,2	1214,0
37,4	507,0
37,5	326,0
37,8	305,0
38,0	285,0
38,2	278,0
38,4	260,0
38,6	250,0
38,8	239,0
39,0	253,0
39,2	235,0
39,4	234,0
39,5	218,0
39,8	251,0
40,0	248,0
40,2	277,0
40,4	259,0
40,5	281,0
40,8	330,0
41,0	448,0
41,2	1020,0
41,4	3606,0
41,5	4742,0
41,8	4234,0
42,0	1487,0
42,2	413,0
42,4	361,0
42,6	328,0
42,8	266,0
43,0	256,0
43,2	207,0
43,4	197,0
43,6	188,0
43,8	206,0
44,0	213,0
44,2	196,0
44,4	185,0
44,5	216,0
44,8	181,0
45,0	193,0
45,2	201,0
45,4	182,0
