Ángulo del contad	Tasa con 35kV
2*theta/°	R(35kV)/Imp/s

35,4	184,0
35,5	181,0
35,8	189,0
36,0	196,0
36,2	199,0
36,4	206,0
36,5	294,0
36,8	749,0
37,0	1091,0
37,2	1029,0
37,4	450,0
37,5	269,0
37,8	216,0
38,0	223,0
38,2	214,0
38,4	215,0
38,6	209,0
38,8	215,0
39,0	187,0
39,2	205,0
39,4	197,0
39,5	181,0
39,8	207,0
40,0	196,0
40,2	215,0
40,4	229,0
40,5	215,0
40,8	261,0
41,0	394,0
41,2	864,0
41,4	2990,0
41,5	4026,0
41,8	3702,0
42,0	1232,0
42,2	361,0
42,4	283,0
42,6	272,0
42,8	220,0
43,0	191,0
43,2	185,0
43,4	191,0
43,6	172,0
43,8	158,0
44,0	181,0
44,2	160,0
44,4	170,0
44,5	154,0
44,8	156,0
45,0	159,0
45,2	173,0
45,4	168,0
