Ángulo del contad	Tasa con 35kV
2*theta/°	R(35kV)/Imp/s

35,4	300,0
35,5	287,0
35,8	281,0
36,0	282,0
36,2	316,0
36,4	352,0
36,5	475,0
36,8	1164,0
37,0	1629,0
37,2	1586,0
37,4	706,0
37,5	443,0
37,8	402,0
38,0	353,0
38,2	385,0
38,4	345,0
38,6	351,0
38,8	327,0
39,0	324,0
39,2	307,0
39,4	318,0
39,5	320,0
39,8	310,0
40,0	301,0
40,2	347,0
40,4	357,0
40,5	379,0
40,8	407,0
41,0	603,0
41,2	1336,0
41,4	4366,0
41,5	6394,0
41,8	5703,0
42,0	1941,0
42,2	552,0
42,4	427,0
42,6	431,0
42,8	376,0
43,0	322,0
43,2	302,0
43,4	282,0
43,6	267,0
43,8	272,0
44,0	277,0
44,2	283,0
44,4	261,0
44,5	258,0
44,8	250,0
45,0	258,0
45,2	253,0
45,4	262,0
