Ángulo del contad	Tasa con 35kV
2*theta/°	R(35kV)/Imp/s

35,4	362,0
35,5	350,0
35,8	357,0
36,0	378,0
36,2	399,0
36,4	422,0
36,5	571,0
36,8	1390,0
37,0	1967,0
37,2	1947,0
37,4	875,0
37,5	531,0
37,8	470,0
38,0	452,0
38,2	428,0
38,4	423,0
38,6	410,0
38,8	417,0
39,0	376,0
39,2	386,0
39,4	372,0
39,5	415,0
39,8	380,0
40,0	415,0
40,2	424,0
40,4	454,0
40,5	437,0
40,8	553,0
41,0	727,0
41,2	1562,0
41,4	5318,0
41,5	7648,0
41,8	7305,0
42,0	2518,0
42,2	670,0
42,4	540,0
42,6	543,0
42,8	436,0
43,0	395,0
43,2	364,0
43,4	352,0
43,6	343,0
43,8	333,0
44,0	312,0
44,2	309,0
44,4	311,0
44,5	325,0
44,8	301,0
45,0	299,0
45,2	328,0
45,4	320,0
